73 42
62 34
100 50
1 1 0
1 2 1
1 3 1
1 4 1
1 5 1
1 6 1
1 7 1
1 8 0
1 9 0
1 10 1
1 11 0
1 12 1
1 13 1
1 14 0
1 15 1
1 16 0
1 17 1
1 18 1
1 19 1
1 20 0
1 21 1
1 22 1
1 23 0
1 24 1
1 25 0
1 26 0
1 27 1
1 28 1
1 29 0
1 30 1
1 31 0
1 32 0
1 33 1
1 34 1
1 35 0
1 36 0
1 37 0
1 38 1
1 39 1
1 40 0
1 41 0
1 42 1
1 43 1
1 44 1
1 45 1
1 46 0
1 47 0
1 48 1
1 49 1
1 50 1
2 1 1
2 2 0
2 3 1
2 4 1
2 5 1
2 6 0
2 7 0
2 8 1
2 9 1
2 10 0
2 11 1
2 12 1
2 13 1
2 14 0
2 15 1
2 16 1
2 17 1
2 18 0
2 19 0
2 20 1
2 21 0
2 22 0
2 23 0
2 24 1
2 25 0
2 26 0
2 27 1
2 28 1
2 29 0
2 30 1
2 31 1
2 32 1
2 33 1
2 34 0
2 35 0
2 36 0
2 37 1
2 38 0
2 39 1
2 40 1
2 41 1
2 42 1
2 43 0
2 44 1
2 45 0
2 46 0
2 47 1
2 48 1
2 49 0
2 50 1
3 1 0
3 2 1
3 3 1
3 4 1
3 5 0
3 6 1
3 7 1
3 8 0
3 9 0
3 10 0
3 11 1
3 12 1
3 13 0
3 14 1
3 15 1
3 16 0
3 17 1
3 18 0
3 19 0
3 20 0
3 21 1
3 22 0
3 23 1
3 24 1
3 25 1
3 26 0
3 27 0
3 28 1
3 29 0
3 30 0
3 31 1
3 32 1
3 33 1
3 34 1
3 35 0
3 36 1
3 37 1
3 38 1
3 39 1
3 40 1
3 41 1
3 42 1
3 43 1
3 44 0
3 45 0
3 46 0
3 47 1
3 48 1
3 49 1
3 50 1
4 1 1
4 2 0
4 3 1
4 4 0
4 5 1
4 6 1
4 7 1
4 8 1
4 9 1
4 10 1
4 11 1
4 12 0
4 13 1
4 14 1
4 15 0
4 16 0
4 17 0
4 18 1
4 19 1
4 20 0
4 21 0
4 22 0
4 23 0
4 24 1
4 25 0
4 26 1
4 27 0
4 28 0
4 29 0
4 30 1
4 31 0
4 32 0
4 33 1
4 34 0
4 35 0
4 36 0
4 37 0
4 38 1
4 39 1
4 40 1
4 41 0
4 42 1
4 43 0
4 44 1
4 45 0
4 46 1
4 47 1
4 48 1
4 49 0
4 50 1
5 1 1
5 2 1
5 3 1
5 4 1
5 5 1
5 6 1
5 7 0
5 8 0
5 9 0
5 10 0
5 11 1
5 12 1
5 13 1
5 14 0
5 15 1
5 16 1
5 17 0
5 18 1
5 19 0
5 20 1
5 21 0
5 22 1
5 23 0
5 24 1
5 25 1
5 26 1
5 27 1
5 28 1
5 29 0
5 30 0
5 31 0
5 32 0
5 33 0
5 34 1
5 35 1
5 36 1
5 37 0
5 38 1
5 39 1
5 40 1
5 41 1
5 42 1
5 43 1
5 44 0
5 45 1
5 46 1
5 47 0
5 48 0
5 49 1
5 50 0
6 1 1
6 2 0
6 3 0
6 4 1
6 5 1
6 6 0
6 7 1
6 8 0
6 9 0
6 10 0
6 11 1
6 12 1
6 13 1
6 14 1
6 15 1
6 16 1
6 17 1
6 18 0
6 19 1
6 20 1
6 21 0
6 22 0
6 23 1
6 24 0
6 25 1
6 26 1
6 27 1
6 28 1
6 29 0
6 30 1
6 31 1
6 32 0
6 33 1
6 34 1
6 35 0
6 36 1
6 37 0
6 38 1
6 39 1
6 40 1
6 41 1
6 42 0
6 43 0
6 44 1
6 45 0
6 46 0
6 47 1
6 48 0
6 49 0
6 50 1
7 1 1
7 2 1
7 3 1
7 4 0
7 5 0
7 6 0
7 7 1
7 8 1
7 9 0
7 10 0
7 11 0
7 12 1
7 13 0
7 14 1
7 15 1
7 16 1
7 17 1
7 18 1
7 19 1
7 20 1
7 21 0
7 22 1
7 23 0
7 24 1
7 25 0
7 26 1
7 27 0
7 28 1
7 29 0
7 30 0
7 31 1
7 32 1
7 33 1
7 34 0
7 35 1
7 36 0
7 37 1
7 38 0
7 39 0
7 40 1
7 41 1
7 42 0
7 43 1
7 44 1
7 45 1
7 46 1
7 47 1
7 48 0
7 49 1
7 50 0
8 1 0
8 2 0
8 3 1
8 4 0
8 5 0
8 6 0
8 7 0
8 8 0
8 9 0
8 10 0
8 11 1
8 12 0
8 13 0
8 14 0
8 15 1
8 16 1
8 17 0
8 18 0
8 19 0
8 20 0
8 21 0
8 22 1
8 23 0
8 24 1
8 25 0
8 26 0
8 27 1
8 28 0
8 29 1
8 30 1
8 31 0
8 32 0
8 33 0
8 34 1
8 35 0
8 36 1
8 37 0
8 38 0
8 39 1
8 40 0
8 41 0
8 42 1
8 43 0
8 44 1
8 45 0
8 46 1
8 47 0
8 48 0
8 49 0
8 50 0
9 1 1
9 2 0
9 3 1
9 4 0
9 5 0
9 6 1
9 7 1
9 8 0
9 9 0
9 10 0
9 11 1
9 12 0
9 13 1
9 14 0
9 15 0
9 16 0
9 17 0
9 18 0
9 19 0
9 20 1
9 21 0
9 22 0
9 23 0
9 24 1
9 25 0
9 26 0
9 27 1
9 28 0
9 29 0
9 30 0
9 31 0
9 32 0
9 33 0
9 34 0
9 35 0
9 36 1
9 37 0
9 38 0
9 39 0
9 40 0
9 41 0
9 42 0
9 43 0
9 44 1
9 45 1
9 46 0
9 47 1
9 48 0
9 49 0
9 50 0
10 1 0
10 2 0
10 3 0
10 4 1
10 5 0
10 6 1
10 7 1
10 8 0
10 9 1
10 10 0
10 11 1
10 12 1
10 13 1
10 14 1
10 15 1
10 16 1
10 17 0
10 18 0
10 19 1
10 20 1
10 21 0
10 22 1
10 23 0
10 24 1
10 25 0
10 26 0
10 27 1
10 28 1
10 29 0
10 30 0
10 31 0
10 32 0
10 33 1
10 34 0
10 35 1
10 36 0
10 37 1
10 38 1
10 39 1
10 40 1
10 41 1
10 42 1
10 43 0
10 44 1
10 45 1
10 46 0
10 47 1
10 48 0
10 49 1
10 50 1
11 1 1
11 2 1
11 3 1
11 4 0
11 5 0
11 6 1
11 7 1
11 8 1
11 9 0
11 10 0
11 11 1
11 12 1
11 13 1
11 14 1
11 15 1
11 16 1
11 17 1
11 18 0
11 19 1
11 20 1
11 21 0
11 22 1
11 23 0
11 24 0
11 25 0
11 26 0
11 27 1
11 28 1
11 29 0
11 30 0
11 31 0
11 32 1
11 33 0
11 34 1
11 35 1
11 36 0
11 37 1
11 38 1
11 39 0
11 40 0
11 41 1
11 42 1
11 43 1
11 44 1
11 45 0
11 46 1
11 47 1
11 48 1
11 49 0
11 50 0
12 1 1
12 2 0
12 3 1
12 4 0
12 5 1
12 6 1
12 7 0
12 8 1
12 9 1
12 10 0
12 11 1
12 12 0
12 13 1
12 14 1
12 15 0
12 16 0
12 17 0
12 18 0
12 19 0
12 20 0
12 21 1
12 22 0
12 23 1
12 24 0
12 25 1
12 26 1
12 27 1
12 28 1
12 29 1
12 30 0
12 31 0
12 32 0
12 33 1
12 34 0
12 35 1
12 36 0
12 37 1
12 38 1
12 39 1
12 40 1
12 41 1
12 42 0
12 43 0
12 44 0
12 45 0
12 46 0
12 47 1
12 48 0
12 49 0
12 50 1
13 1 1
13 2 0
13 3 1
13 4 0
13 5 1
13 6 0
13 7 0
13 8 1
13 9 0
13 10 1
13 11 1
13 12 0
13 13 0
13 14 1
13 15 0
13 16 0
13 17 0
13 18 0
13 19 1
13 20 1
13 21 0
13 22 0
13 23 1
13 24 0
13 25 0
13 26 1
13 27 0
13 28 1
13 29 0
13 30 0
13 31 0
13 32 1
13 33 1
13 34 0
13 35 1
13 36 1
13 37 1
13 38 0
13 39 1
13 40 1
13 41 1
13 42 1
13 43 0
13 44 0
13 45 0
13 46 1
13 47 0
13 48 1
13 49 0
13 50 0
14 1 1
14 2 0
14 3 0
14 4 1
14 5 1
14 6 0
14 7 0
14 8 1
14 9 1
14 10 1
14 11 1
14 12 0
14 13 0
14 14 0
14 15 1
14 16 0
14 17 1
14 18 0
14 19 0
14 20 0
14 21 1
14 22 0
14 23 1
14 24 0
14 25 0
14 26 0
14 27 1
14 28 0
14 29 1
14 30 0
14 31 1
14 32 1
14 33 0
14 34 0
14 35 1
14 36 0
14 37 0
14 38 1
14 39 1
14 40 0
14 41 0
14 42 1
14 43 0
14 44 0
14 45 1
14 46 0
14 47 1
14 48 0
14 49 0
14 50 0
15 1 1
15 2 1
15 3 0
15 4 1
15 5 1
15 6 1
15 7 1
15 8 0
15 9 0
15 10 0
15 11 1
15 12 0
15 13 0
15 14 0
15 15 0
15 16 1
15 17 1
15 18 0
15 19 0
15 20 0
15 21 1
15 22 0
15 23 1
15 24 1
15 25 0
15 26 1
15 27 1
15 28 0
15 29 0
15 30 1
15 31 0
15 32 1
15 33 0
15 34 1
15 35 1
15 36 0
15 37 1
15 38 1
15 39 1
15 40 1
15 41 0
15 42 1
15 43 0
15 44 1
15 45 1
15 46 0
15 47 1
15 48 1
15 49 0
15 50 1
16 1 1
16 2 1
16 3 1
16 4 0
16 5 1
16 6 1
16 7 0
16 8 0
16 9 0
16 10 1
16 11 0
16 12 0
16 13 0
16 14 0
16 15 1
16 16 0
16 17 0
16 18 1
16 19 0
16 20 1
16 21 1
16 22 0
16 23 1
16 24 0
16 25 1
16 26 0
16 27 0
16 28 0
16 29 0
16 30 0
16 31 1
16 32 1
16 33 1
16 34 0
16 35 1
16 36 1
16 37 0
16 38 0
16 39 1
16 40 0
16 41 0
16 42 1
16 43 0
16 44 1
16 45 0
16 46 0
16 47 0
16 48 1
16 49 0
16 50 1
17 1 0
17 2 0
17 3 0
17 4 0
17 5 0
17 6 0
17 7 1
17 8 1
17 9 0
17 10 1
17 11 0
17 12 1
17 13 1
17 14 1
17 15 1
17 16 1
17 17 1
17 18 0
17 19 1
17 20 1
17 21 1
17 22 0
17 23 0
17 24 1
17 25 1
17 26 1
17 27 1
17 28 1
17 29 1
17 30 1
17 31 1
17 32 1
17 33 0
17 34 1
17 35 1
17 36 1
17 37 1
17 38 0
17 39 0
17 40 0
17 41 0
17 42 1
17 43 0
17 44 1
17 45 1
17 46 0
17 47 1
17 48 0
17 49 1
17 50 0
18 1 1
18 2 1
18 3 0
18 4 0
18 5 1
18 6 1
18 7 1
18 8 1
18 9 1
18 10 0
18 11 0
18 12 0
18 13 1
18 14 0
18 15 1
18 16 1
18 17 0
18 18 0
18 19 0
18 20 1
18 21 1
18 22 0
18 23 1
18 24 0
18 25 1
18 26 0
18 27 0
18 28 0
18 29 0
18 30 1
18 31 0
18 32 1
18 33 1
18 34 0
18 35 1
18 36 1
18 37 1
18 38 0
18 39 0
18 40 1
18 41 1
18 42 1
18 43 0
18 44 0
18 45 1
18 46 0
18 47 1
18 48 1
18 49 0
18 50 0
19 1 1
19 2 0
19 3 1
19 4 0
19 5 1
19 6 0
19 7 0
19 8 0
19 9 1
19 10 0
19 11 1
19 12 0
19 13 1
19 14 0
19 15 0
19 16 1
19 17 0
19 18 1
19 19 0
19 20 0
19 21 0
19 22 1
19 23 0
19 24 0
19 25 1
19 26 0
19 27 1
19 28 1
19 29 0
19 30 0
19 31 1
19 32 1
19 33 0
19 34 1
19 35 1
19 36 0
19 37 1
19 38 1
19 39 0
19 40 0
19 41 1
19 42 0
19 43 0
19 44 0
19 45 1
19 46 0
19 47 1
19 48 1
19 49 1
19 50 0
20 1 1
20 2 0
20 3 1
20 4 1
20 5 1
20 6 0
20 7 0
20 8 1
20 9 1
20 10 1
20 11 1
20 12 1
20 13 0
20 14 1
20 15 1
20 16 1
20 17 1
20 18 0
20 19 1
20 20 1
20 21 0
20 22 1
20 23 1
20 24 1
20 25 0
20 26 0
20 27 0
20 28 0
20 29 0
20 30 1
20 31 1
20 32 1
20 33 0
20 34 0
20 35 0
20 36 1
20 37 0
20 38 1
20 39 0
20 40 1
20 41 0
20 42 1
20 43 1
20 44 1
20 45 1
20 46 0
20 47 0
20 48 1
20 49 1
20 50 1
21 1 0
21 2 1
21 3 1
21 4 1
21 5 0
21 6 0
21 7 1
21 8 0
21 9 1
21 10 0
21 11 1
21 12 0
21 13 1
21 14 1
21 15 0
21 16 1
21 17 1
21 18 1
21 19 0
21 20 1
21 21 0
21 22 0
21 23 1
21 24 1
21 25 1
21 26 0
21 27 0
21 28 1
21 29 1
21 30 0
21 31 0
21 32 0
21 33 0
21 34 1
21 35 1
21 36 1
21 37 1
21 38 0
21 39 0
21 40 0
21 41 1
21 42 0
21 43 1
21 44 0
21 45 0
21 46 1
21 47 1
21 48 0
21 49 0
21 50 0
22 1 0
22 2 1
22 3 0
22 4 0
22 5 1
22 6 1
22 7 1
22 8 0
22 9 0
22 10 0
22 11 1
22 12 1
22 13 1
22 14 0
22 15 1
22 16 1
22 17 0
22 18 0
22 19 1
22 20 1
22 21 1
22 22 0
22 23 1
22 24 0
22 25 1
22 26 0
22 27 1
22 28 1
22 29 0
22 30 0
22 31 0
22 32 1
22 33 0
22 34 1
22 35 0
22 36 1
22 37 0
22 38 1
22 39 0
22 40 1
22 41 1
22 42 1
22 43 0
22 44 0
22 45 1
22 46 1
22 47 1
22 48 1
22 49 0
22 50 0
23 1 0
23 2 0
23 3 0
23 4 1
23 5 0
23 6 0
23 7 0
23 8 0
23 9 1
23 10 1
23 11 1
23 12 0
23 13 0
23 14 1
23 15 1
23 16 0
23 17 1
23 18 1
23 19 0
23 20 0
23 21 0
23 22 1
23 23 1
23 24 0
23 25 0
23 26 0
23 27 0
23 28 1
23 29 0
23 30 0
23 31 0
23 32 0
23 33 1
23 34 0
23 35 1
23 36 0
23 37 1
23 38 0
23 39 0
23 40 1
23 41 0
23 42 1
23 43 0
23 44 1
23 45 1
23 46 1
23 47 1
23 48 1
23 49 0
23 50 0
24 1 1
24 2 1
24 3 0
24 4 1
24 5 1
24 6 1
24 7 0
24 8 0
24 9 1
24 10 0
24 11 0
24 12 0
24 13 1
24 14 0
24 15 0
24 16 1
24 17 0
24 18 0
24 19 0
24 20 1
24 21 0
24 22 0
24 23 1
24 24 0
24 25 0
24 26 0
24 27 0
24 28 1
24 29 0
24 30 0
24 31 1
24 32 1
24 33 1
24 34 0
24 35 0
24 36 0
24 37 1
24 38 1
24 39 0
24 40 0
24 41 1
24 42 0
24 43 1
24 44 1
24 45 1
24 46 1
24 47 1
24 48 0
24 49 1
24 50 0
25 1 1
25 2 1
25 3 0
25 4 0
25 5 1
25 6 1
25 7 0
25 8 0
25 9 1
25 10 0
25 11 0
25 12 0
25 13 0
25 14 0
25 15 1
25 16 0
25 17 0
25 18 0
25 19 1
25 20 0
25 21 0
25 22 0
25 23 1
25 24 0
25 25 0
25 26 1
25 27 0
25 28 0
25 29 1
25 30 1
25 31 1
25 32 1
25 33 1
25 34 0
25 35 0
25 36 0
25 37 1
25 38 1
25 39 1
25 40 0
25 41 1
25 42 0
25 43 0
25 44 1
25 45 0
25 46 0
25 47 0
25 48 1
25 49 0
25 50 0
26 1 1
26 2 1
26 3 1
26 4 0
26 5 0
26 6 1
26 7 0
26 8 0
26 9 1
26 10 0
26 11 1
26 12 1
26 13 0
26 14 0
26 15 1
26 16 1
26 17 0
26 18 1
26 19 1
26 20 1
26 21 1
26 22 1
26 23 1
26 24 1
26 25 0
26 26 1
26 27 1
26 28 1
26 29 0
26 30 1
26 31 1
26 32 0
26 33 1
26 34 1
26 35 0
26 36 1
26 37 1
26 38 1
26 39 1
26 40 0
26 41 1
26 42 0
26 43 1
26 44 0
26 45 1
26 46 1
26 47 1
26 48 1
26 49 1
26 50 1
27 1 1
27 2 1
27 3 1
27 4 1
27 5 0
27 6 0
27 7 1
27 8 0
27 9 1
27 10 1
27 11 0
27 12 1
27 13 1
27 14 1
27 15 1
27 16 1
27 17 0
27 18 0
27 19 0
27 20 1
27 21 0
27 22 1
27 23 0
27 24 1
27 25 0
27 26 0
27 27 0
27 28 0
27 29 0
27 30 1
27 31 0
27 32 1
27 33 0
27 34 1
27 35 1
27 36 0
27 37 0
27 38 0
27 39 0
27 40 0
27 41 0
27 42 0
27 43 0
27 44 1
27 45 0
27 46 1
27 47 0
27 48 1
27 49 1
27 50 1
28 1 0
28 2 1
28 3 0
28 4 0
28 5 1
28 6 1
28 7 1
28 8 1
28 9 0
28 10 1
28 11 0
28 12 1
28 13 1
28 14 1
28 15 0
28 16 0
28 17 1
28 18 1
28 19 0
28 20 1
28 21 1
28 22 1
28 23 1
28 24 0
28 25 0
28 26 1
28 27 1
28 28 1
28 29 0
28 30 1
28 31 1
28 32 1
28 33 0
28 34 0
28 35 0
28 36 0
28 37 0
28 38 0
28 39 0
28 40 0
28 41 1
28 42 0
28 43 1
28 44 0
28 45 0
28 46 1
28 47 0
28 48 0
28 49 1
28 50 1
29 1 0
29 2 0
29 3 1
29 4 0
29 5 0
29 6 1
29 7 0
29 8 1
29 9 0
29 10 0
29 11 1
29 12 0
29 13 0
29 14 1
29 15 1
29 16 1
29 17 1
29 18 1
29 19 0
29 20 1
29 21 1
29 22 1
29 23 0
29 24 1
29 25 1
29 26 1
29 27 0
29 28 0
29 29 0
29 30 1
29 31 1
29 32 0
29 33 0
29 34 0
29 35 1
29 36 0
29 37 0
29 38 0
29 39 0
29 40 0
29 41 0
29 42 0
29 43 1
29 44 1
29 45 1
29 46 0
29 47 0
29 48 0
29 49 1
29 50 1
30 1 0
30 2 0
30 3 1
30 4 0
30 5 0
30 6 1
30 7 0
30 8 1
30 9 0
30 10 0
30 11 1
30 12 1
30 13 1
30 14 0
30 15 0
30 16 1
30 17 0
30 18 1
30 19 1
30 20 1
30 21 0
30 22 0
30 23 0
30 24 1
30 25 1
30 26 0
30 27 1
30 28 0
30 29 1
30 30 0
30 31 1
30 32 0
30 33 1
30 34 0
30 35 1
30 36 1
30 37 1
30 38 1
30 39 0
30 40 1
30 41 1
30 42 1
30 43 1
30 44 0
30 45 0
30 46 1
30 47 0
30 48 0
30 49 1
30 50 0
31 1 1
31 2 1
31 3 1
31 4 1
31 5 0
31 6 0
31 7 1
31 8 1
31 9 1
31 10 0
31 11 0
31 12 1
31 13 0
31 14 1
31 15 1
31 16 0
31 17 0
31 18 0
31 19 1
31 20 0
31 21 0
31 22 0
31 23 1
31 24 0
31 25 0
31 26 1
31 27 1
31 28 0
31 29 0
31 30 0
31 31 1
31 32 1
31 33 0
31 34 0
31 35 1
31 36 0
31 37 0
31 38 1
31 39 0
31 40 1
31 41 1
31 42 1
31 43 0
31 44 1
31 45 1
31 46 0
31 47 0
31 48 0
31 49 1
31 50 1
32 1 1
32 2 1
32 3 0
32 4 1
32 5 0
32 6 0
32 7 0
32 8 0
32 9 1
32 10 0
32 11 0
32 12 0
32 13 1
32 14 0
32 15 1
32 16 1
32 17 1
32 18 0
32 19 1
32 20 0
32 21 0
32 22 1
32 23 0
32 24 0
32 25 1
32 26 1
32 27 0
32 28 0
32 29 1
32 30 1
32 31 1
32 32 0
32 33 1
32 34 0
32 35 0
32 36 1
32 37 1
32 38 0
32 39 1
32 40 0
32 41 0
32 42 0
32 43 0
32 44 1
32 45 0
32 46 1
32 47 1
32 48 1
32 49 0
32 50 0
33 1 0
33 2 0
33 3 1
33 4 0
33 5 0
33 6 0
33 7 0
33 8 1
33 9 0
33 10 0
33 11 1
33 12 1
33 13 0
33 14 0
33 15 1
33 16 0
33 17 0
33 18 0
33 19 1
33 20 0
33 21 1
33 22 1
33 23 1
33 24 0
33 25 1
33 26 0
33 27 0
33 28 0
33 29 1
33 30 1
33 31 0
33 32 1
33 33 1
33 34 0
33 35 1
33 36 0
33 37 1
33 38 1
33 39 1
33 40 1
33 41 0
33 42 0
33 43 0
33 44 0
33 45 1
33 46 1
33 47 1
33 48 0
33 49 1
33 50 1
34 1 0
34 2 0
34 3 0
34 4 0
34 5 0
34 6 0
34 7 1
34 8 0
34 9 1
34 10 0
34 11 0
34 12 0
34 13 1
34 14 1
34 15 0
34 16 1
34 17 1
34 18 0
34 19 0
34 20 0
34 21 1
34 22 1
34 23 1
34 24 0
34 25 1
34 26 1
34 27 1
34 28 0
34 29 0
34 30 1
34 31 0
34 32 1
34 33 1
34 34 1
34 35 1
34 36 0
34 37 0
34 38 1
34 39 1
34 40 1
34 41 0
34 42 0
34 43 0
34 44 1
34 45 0
34 46 1
34 47 1
34 48 0
34 49 0
34 50 0
35 1 1
35 2 0
35 3 0
35 4 0
35 5 0
35 6 1
35 7 0
35 8 1
35 9 0
35 10 1
35 11 1
35 12 1
35 13 1
35 14 1
35 15 0
35 16 0
35 17 0
35 18 1
35 19 0
35 20 1
35 21 1
35 22 0
35 23 1
35 24 0
35 25 1
35 26 1
35 27 0
35 28 0
35 29 0
35 30 1
35 31 1
35 32 1
35 33 1
35 34 1
35 35 0
35 36 0
35 37 0
35 38 0
35 39 1
35 40 1
35 41 1
35 42 0
35 43 0
35 44 0
35 45 0
35 46 0
35 47 1
35 48 1
35 49 1
35 50 1
36 1 1
36 2 1
36 3 1
36 4 1
36 5 1
36 6 0
36 7 1
36 8 1
36 9 0
36 10 1
36 11 0
36 12 1
36 13 1
36 14 0
36 15 1
36 16 1
36 17 0
36 18 0
36 19 0
36 20 0
36 21 1
36 22 1
36 23 0
36 24 1
36 25 1
36 26 0
36 27 0
36 28 1
36 29 1
36 30 1
36 31 1
36 32 1
36 33 1
36 34 0
36 35 0
36 36 0
36 37 1
36 38 0
36 39 1
36 40 0
36 41 0
36 42 0
36 43 1
36 44 0
36 45 1
36 46 1
36 47 0
36 48 1
36 49 1
36 50 0
37 1 1
37 2 1
37 3 0
37 4 1
37 5 1
37 6 0
37 7 1
37 8 1
37 9 1
37 10 0
37 11 1
37 12 0
37 13 1
37 14 0
37 15 1
37 16 0
37 17 1
37 18 0
37 19 1
37 20 1
37 21 1
37 22 1
37 23 1
37 24 1
37 25 0
37 26 1
37 27 1
37 28 1
37 29 0
37 30 1
37 31 0
37 32 0
37 33 0
37 34 0
37 35 0
37 36 1
37 37 0
37 38 0
37 39 1
37 40 1
37 41 0
37 42 0
37 43 0
37 44 0
37 45 1
37 46 0
37 47 1
37 48 0
37 49 1
37 50 1
38 1 1
38 2 0
38 3 0
38 4 1
38 5 1
38 6 1
38 7 1
38 8 0
38 9 1
38 10 0
38 11 0
38 12 1
38 13 1
38 14 1
38 15 0
38 16 1
38 17 0
38 18 0
38 19 1
38 20 0
38 21 0
38 22 0
38 23 1
38 24 0
38 25 1
38 26 1
38 27 0
38 28 0
38 29 0
38 30 0
38 31 0
38 32 0
38 33 1
38 34 0
38 35 0
38 36 1
38 37 1
38 38 1
38 39 1
38 40 1
38 41 0
38 42 0
38 43 0
38 44 0
38 45 1
38 46 0
38 47 0
38 48 1
38 49 0
38 50 1
39 1 0
39 2 1
39 3 1
39 4 1
39 5 0
39 6 1
39 7 1
39 8 0
39 9 0
39 10 1
39 11 1
39 12 1
39 13 0
39 14 0
39 15 1
39 16 1
39 17 0
39 18 1
39 19 0
39 20 1
39 21 1
39 22 0
39 23 1
39 24 0
39 25 1
39 26 1
39 27 1
39 28 1
39 29 0
39 30 0
39 31 0
39 32 0
39 33 0
39 34 0
39 35 1
39 36 0
39 37 1
39 38 1
39 39 1
39 40 1
39 41 0
39 42 0
39 43 0
39 44 0
39 45 0
39 46 1
39 47 0
39 48 1
39 49 1
39 50 0
40 1 1
40 2 0
40 3 1
40 4 1
40 5 1
40 6 1
40 7 0
40 8 0
40 9 1
40 10 1
40 11 1
40 12 1
40 13 1
40 14 1
40 15 0
40 16 0
40 17 0
40 18 1
40 19 0
40 20 1
40 21 0
40 22 1
40 23 0
40 24 1
40 25 1
40 26 1
40 27 1
40 28 0
40 29 0
40 30 1
40 31 0
40 32 1
40 33 1
40 34 0
40 35 0
40 36 1
40 37 0
40 38 0
40 39 0
40 40 0
40 41 0
40 42 0
40 43 0
40 44 0
40 45 1
40 46 1
40 47 0
40 48 0
40 49 0
40 50 0
41 1 1
41 2 1
41 3 0
41 4 0
41 5 1
41 6 1
41 7 0
41 8 0
41 9 0
41 10 0
41 11 1
41 12 0
41 13 0
41 14 1
41 15 1
41 16 1
41 17 1
41 18 0
41 19 0
41 20 1
41 21 0
41 22 1
41 23 0
41 24 0
41 25 0
41 26 1
41 27 1
41 28 0
41 29 1
41 30 1
41 31 1
41 32 0
41 33 1
41 34 0
41 35 0
41 36 0
41 37 0
41 38 0
41 39 0
41 40 0
41 41 0
41 42 0
41 43 1
41 44 1
41 45 1
41 46 1
41 47 0
41 48 1
41 49 0
41 50 0
42 1 0
42 2 1
42 3 0
42 4 0
42 5 1
42 6 1
42 7 1
42 8 0
42 9 0
42 10 0
42 11 1
42 12 1
42 13 1
42 14 0
42 15 1
42 16 1
42 17 0
42 18 1
42 19 0
42 20 1
42 21 0
42 22 1
42 23 0
42 24 0
42 25 1
42 26 0
42 27 0
42 28 0
42 29 1
42 30 1
42 31 0
42 32 1
42 33 0
42 34 1
42 35 0
42 36 1
42 37 0
42 38 0
42 39 1
42 40 1
42 41 1
42 42 0
42 43 0
42 44 0
42 45 1
42 46 0
42 47 0
42 48 1
42 49 1
42 50 1
43 1 1
43 2 0
43 3 1
43 4 1
43 5 0
43 6 1
43 7 0
43 8 0
43 9 1
43 10 0
43 11 1
43 12 0
43 13 0
43 14 1
43 15 1
43 16 1
43 17 1
43 18 1
43 19 0
43 20 0
43 21 1
43 22 0
43 23 1
43 24 1
43 25 0
43 26 0
43 27 1
43 28 0
43 29 1
43 30 1
43 31 0
43 32 0
43 33 0
43 34 1
43 35 1
43 36 1
43 37 0
43 38 1
43 39 0
43 40 1
43 41 1
43 42 1
43 43 1
43 44 0
43 45 1
43 46 0
43 47 1
43 48 1
43 49 0
43 50 0
44 1 0
44 2 1
44 3 0
44 4 1
44 5 0
44 6 0
44 7 0
44 8 0
44 9 0
44 10 0
44 11 0
44 12 1
44 13 1
44 14 0
44 15 0
44 16 0
44 17 0
44 18 0
44 19 0
44 20 1
44 21 0
44 22 0
44 23 0
44 24 1
44 25 0
44 26 1
44 27 0
44 28 1
44 29 0
44 30 1
44 31 0
44 32 0
44 33 1
44 34 1
44 35 0
44 36 0
44 37 0
44 38 1
44 39 0
44 40 0
44 41 1
44 42 0
44 43 0
44 44 1
44 45 1
44 46 0
44 47 1
44 48 0
44 49 0
44 50 1
45 1 0
45 2 1
45 3 1
45 4 1
45 5 0
45 6 1
45 7 1
45 8 1
45 9 0
45 10 0
45 11 1
45 12 1
45 13 0
45 14 1
45 15 0
45 16 0
45 17 1
45 18 1
45 19 0
45 20 0
45 21 0
45 22 1
45 23 0
45 24 1
45 25 1
45 26 0
45 27 1
45 28 0
45 29 0
45 30 0
45 31 1
45 32 0
45 33 1
45 34 0
45 35 0
45 36 0
45 37 1
45 38 0
45 39 1
45 40 0
45 41 0
45 42 1
45 43 1
45 44 1
45 45 0
45 46 1
45 47 1
45 48 1
45 49 0
45 50 1
46 1 0
46 2 0
46 3 0
46 4 1
46 5 1
46 6 1
46 7 0
46 8 1
46 9 0
46 10 1
46 11 1
46 12 1
46 13 1
46 14 1
46 15 1
46 16 0
46 17 0
46 18 1
46 19 1
46 20 1
46 21 0
46 22 0
46 23 1
46 24 1
46 25 0
46 26 0
46 27 1
46 28 1
46 29 1
46 30 0
46 31 0
46 32 0
46 33 1
46 34 0
46 35 1
46 36 1
46 37 1
46 38 1
46 39 0
46 40 0
46 41 0
46 42 1
46 43 0
46 44 0
46 45 1
46 46 0
46 47 0
46 48 0
46 49 1
46 50 0
47 1 0
47 2 1
47 3 0
47 4 1
47 5 1
47 6 1
47 7 1
47 8 0
47 9 1
47 10 1
47 11 1
47 12 1
47 13 1
47 14 0
47 15 1
47 16 1
47 17 0
47 18 0
47 19 1
47 20 1
47 21 0
47 22 1
47 23 0
47 24 0
47 25 1
47 26 1
47 27 1
47 28 0
47 29 0
47 30 1
47 31 1
47 32 1
47 33 1
47 34 1
47 35 0
47 36 1
47 37 1
47 38 1
47 39 1
47 40 0
47 41 1
47 42 0
47 43 0
47 44 0
47 45 0
47 46 1
47 47 0
47 48 1
47 49 0
47 50 1
48 1 1
48 2 1
48 3 0
48 4 1
48 5 0
48 6 1
48 7 1
48 8 0
48 9 1
48 10 1
48 11 1
48 12 1
48 13 0
48 14 1
48 15 1
48 16 0
48 17 0
48 18 0
48 19 1
48 20 1
48 21 1
48 22 0
48 23 1
48 24 0
48 25 0
48 26 0
48 27 1
48 28 0
48 29 0
48 30 1
48 31 0
48 32 1
48 33 0
48 34 0
48 35 0
48 36 1
48 37 1
48 38 1
48 39 1
48 40 1
48 41 0
48 42 1
48 43 1
48 44 0
48 45 0
48 46 1
48 47 0
48 48 0
48 49 1
48 50 1
49 1 1
49 2 1
49 3 0
49 4 1
49 5 0
49 6 1
49 7 1
49 8 1
49 9 1
49 10 1
49 11 0
49 12 0
49 13 1
49 14 0
49 15 0
49 16 0
49 17 1
49 18 1
49 19 0
49 20 0
49 21 0
49 22 1
49 23 1
49 24 1
49 25 0
49 26 0
49 27 1
49 28 1
49 29 1
49 30 1
49 31 1
49 32 0
49 33 0
49 34 1
49 35 1
49 36 1
49 37 0
49 38 0
49 39 0
49 40 0
49 41 1
49 42 1
49 43 1
49 44 1
49 45 0
49 46 1
49 47 1
49 48 0
49 49 1
49 50 1
50 1 1
50 2 0
50 3 1
50 4 1
50 5 0
50 6 1
50 7 1
50 8 1
50 9 0
50 10 1
50 11 1
50 12 0
50 13 1
50 14 1
50 15 1
50 16 0
50 17 0
50 18 1
50 19 1
50 20 1
50 21 0
50 22 1
50 23 1
50 24 0
50 25 0
50 26 0
50 27 0
50 28 0
50 29 0
50 30 0
50 31 0
50 32 1
50 33 0
50 34 0
50 35 0
50 36 0
50 37 1
50 38 1
50 39 1
50 40 0
50 41 0
50 42 1
50 43 1
50 44 0
50 45 1
50 46 1
50 47 1
50 48 0
50 49 1
50 50 0
51 1 0
51 2 0
51 3 1
51 4 0
51 5 0
51 6 0
51 7 0
51 8 1
51 9 1
51 10 1
51 11 0
51 12 0
51 13 1
51 14 1
51 15 1
51 16 0
51 17 1
51 18 1
51 19 0
51 20 0
51 21 0
51 22 1
51 23 1
51 24 1
51 25 1
51 26 0
51 27 1
51 28 1
51 29 0
51 30 1
51 31 1
51 32 1
51 33 1
51 34 0
51 35 1
51 36 0
51 37 1
51 38 1
51 39 0
51 40 0
51 41 0
51 42 0
51 43 1
51 44 1
51 45 1
51 46 1
51 47 0
51 48 0
51 49 1
51 50 0
52 1 0
52 2 1
52 3 1
52 4 0
52 5 0
52 6 1
52 7 1
52 8 1
52 9 0
52 10 1
52 11 1
52 12 1
52 13 0
52 14 1
52 15 0
52 16 0
52 17 1
52 18 1
52 19 1
52 20 1
52 21 1
52 22 0
52 23 0
52 24 0
52 25 0
52 26 1
52 27 0
52 28 0
52 29 0
52 30 0
52 31 0
52 32 0
52 33 0
52 34 1
52 35 1
52 36 1
52 37 1
52 38 0
52 39 0
52 40 0
52 41 0
52 42 1
52 43 0
52 44 0
52 45 1
52 46 0
52 47 0
52 48 1
52 49 0
52 50 1
53 1 1
53 2 1
53 3 0
53 4 0
53 5 0
53 6 1
53 7 0
53 8 0
53 9 1
53 10 0
53 11 1
53 12 1
53 13 0
53 14 1
53 15 0
53 16 1
53 17 0
53 18 1
53 19 1
53 20 1
53 21 0
53 22 0
53 23 1
53 24 0
53 25 0
53 26 0
53 27 1
53 28 1
53 29 1
53 30 0
53 31 0
53 32 1
53 33 0
53 34 1
53 35 1
53 36 0
53 37 1
53 38 1
53 39 0
53 40 0
53 41 1
53 42 0
53 43 1
53 44 1
53 45 0
53 46 1
53 47 1
53 48 1
53 49 1
53 50 1
54 1 1
54 2 1
54 3 0
54 4 0
54 5 0
54 6 0
54 7 0
54 8 1
54 9 0
54 10 0
54 11 1
54 12 1
54 13 0
54 14 1
54 15 1
54 16 0
54 17 0
54 18 1
54 19 1
54 20 1
54 21 1
54 22 1
54 23 1
54 24 0
54 25 1
54 26 1
54 27 1
54 28 0
54 29 0
54 30 0
54 31 1
54 32 1
54 33 0
54 34 1
54 35 1
54 36 0
54 37 1
54 38 1
54 39 1
54 40 1
54 41 0
54 42 0
54 43 0
54 44 1
54 45 0
54 46 0
54 47 0
54 48 0
54 49 0
54 50 0
55 1 1
55 2 1
55 3 0
55 4 1
55 5 1
55 6 0
55 7 0
55 8 1
55 9 1
55 10 0
55 11 0
55 12 0
55 13 0
55 14 0
55 15 1
55 16 0
55 17 1
55 18 1
55 19 1
55 20 1
55 21 1
55 22 1
55 23 0
55 24 1
55 25 0
55 26 0
55 27 1
55 28 1
55 29 1
55 30 0
55 31 1
55 32 0
55 33 1
55 34 0
55 35 0
55 36 0
55 37 0
55 38 1
55 39 0
55 40 0
55 41 1
55 42 0
55 43 0
55 44 0
55 45 0
55 46 1
55 47 0
55 48 1
55 49 1
55 50 0
56 1 1
56 2 0
56 3 1
56 4 0
56 5 1
56 6 1
56 7 1
56 8 0
56 9 1
56 10 0
56 11 1
56 12 1
56 13 0
56 14 0
56 15 1
56 16 1
56 17 0
56 18 0
56 19 1
56 20 0
56 21 1
56 22 0
56 23 1
56 24 0
56 25 1
56 26 0
56 27 1
56 28 0
56 29 1
56 30 1
56 31 0
56 32 0
56 33 0
56 34 0
56 35 0
56 36 1
56 37 1
56 38 1
56 39 1
56 40 1
56 41 1
56 42 0
56 43 1
56 44 1
56 45 0
56 46 0
56 47 1
56 48 0
56 49 1
56 50 0
57 1 1
57 2 0
57 3 1
57 4 1
57 5 1
57 6 0
57 7 1
57 8 1
57 9 1
57 10 0
57 11 1
57 12 0
57 13 0
57 14 1
57 15 0
57 16 1
57 17 0
57 18 0
57 19 0
57 20 0
57 21 0
57 22 1
57 23 1
57 24 1
57 25 0
57 26 0
57 27 1
57 28 1
57 29 1
57 30 0
57 31 1
57 32 1
57 33 0
57 34 1
57 35 1
57 36 1
57 37 1
57 38 1
57 39 0
57 40 1
57 41 1
57 42 0
57 43 0
57 44 1
57 45 0
57 46 1
57 47 1
57 48 1
57 49 0
57 50 1
58 1 1
58 2 0
58 3 0
58 4 1
58 5 0
58 6 0
58 7 0
58 8 1
58 9 0
58 10 1
58 11 1
58 12 1
58 13 1
58 14 1
58 15 1
58 16 1
58 17 0
58 18 1
58 19 1
58 20 0
58 21 0
58 22 0
58 23 1
58 24 0
58 25 1
58 26 0
58 27 1
58 28 1
58 29 1
58 30 0
58 31 1
58 32 1
58 33 0
58 34 1
58 35 1
58 36 0
58 37 1
58 38 0
58 39 0
58 40 0
58 41 0
58 42 1
58 43 1
58 44 1
58 45 0
58 46 1
58 47 1
58 48 1
58 49 1
58 50 0
59 1 0
59 2 1
59 3 0
59 4 0
59 5 0
59 6 1
59 7 1
59 8 0
59 9 1
59 10 0
59 11 1
59 12 0
59 13 1
59 14 1
59 15 0
59 16 0
59 17 0
59 18 1
59 19 0
59 20 1
59 21 1
59 22 0
59 23 0
59 24 1
59 25 1
59 26 1
59 27 1
59 28 0
59 29 0
59 30 1
59 31 0
59 32 0
59 33 1
59 34 0
59 35 0
59 36 0
59 37 0
59 38 1
59 39 0
59 40 1
59 41 1
59 42 0
59 43 1
59 44 1
59 45 1
59 46 1
59 47 0
59 48 1
59 49 0
59 50 0
60 1 1
60 2 1
60 3 1
60 4 1
60 5 0
60 6 1
60 7 0
60 8 1
60 9 0
60 10 1
60 11 1
60 12 1
60 13 0
60 14 0
60 15 0
60 16 1
60 17 0
60 18 1
60 19 1
60 20 1
60 21 0
60 22 0
60 23 1
60 24 0
60 25 0
60 26 1
60 27 0
60 28 1
60 29 1
60 30 0
60 31 0
60 32 1
60 33 0
60 34 1
60 35 1
60 36 1
60 37 1
60 38 0
60 39 0
60 40 1
60 41 1
60 42 1
60 43 1
60 44 0
60 45 0
60 46 1
60 47 1
60 48 0
60 49 0
60 50 1
61 1 1
61 2 1
61 3 1
61 4 1
61 5 1
61 6 0
61 7 1
61 8 1
61 9 0
61 10 0
61 11 0
61 12 0
61 13 0
61 14 0
61 15 0
61 16 0
61 17 0
61 18 1
61 19 1
61 20 1
61 21 0
61 22 0
61 23 1
61 24 0
61 25 0
61 26 1
61 27 0
61 28 0
61 29 0
61 30 1
61 31 0
61 32 0
61 33 0
61 34 1
61 35 0
61 36 0
61 37 1
61 38 1
61 39 1
61 40 1
61 41 0
61 42 1
61 43 0
61 44 1
61 45 0
61 46 1
61 47 1
61 48 0
61 49 1
61 50 0
62 1 0
62 2 0
62 3 1
62 4 0
62 5 0
62 6 1
62 7 0
62 8 1
62 9 1
62 10 0
62 11 0
62 12 0
62 13 0
62 14 1
62 15 0
62 16 1
62 17 1
62 18 1
62 19 1
62 20 1
62 21 1
62 22 0
62 23 0
62 24 1
62 25 0
62 26 1
62 27 0
62 28 0
62 29 0
62 30 0
62 31 1
62 32 0
62 33 0
62 34 0
62 35 1
62 36 1
62 37 0
62 38 1
62 39 1
62 40 0
62 41 0
62 42 0
62 43 1
62 44 0
62 45 0
62 46 1
62 47 1
62 48 0
62 49 1
62 50 0
63 1 0
63 2 0
63 3 0
63 4 0
63 5 0
63 6 1
63 7 1
63 8 0
63 9 1
63 10 1
63 11 1
63 12 1
63 13 0
63 14 0
63 15 0
63 16 1
63 17 0
63 18 0
63 19 1
63 20 0
63 21 0
63 22 0
63 23 0
63 24 0
63 25 0
63 26 0
63 27 0
63 28 0
63 29 0
63 30 1
63 31 0
63 32 1
63 33 0
63 34 1
63 35 1
63 36 0
63 37 0
63 38 1
63 39 1
63 40 0
63 41 1
63 42 0
63 43 1
63 44 0
63 45 1
63 46 1
63 47 0
63 48 1
63 49 0
63 50 1
64 1 0
64 2 0
64 3 1
64 4 0
64 5 0
64 6 0
64 7 0
64 8 1
64 9 0
64 10 1
64 11 0
64 12 0
64 13 1
64 14 1
64 15 0
64 16 0
64 17 1
64 18 1
64 19 0
64 20 1
64 21 1
64 22 1
64 23 0
64 24 1
64 25 1
64 26 0
64 27 1
64 28 0
64 29 0
64 30 1
64 31 0
64 32 0
64 33 1
64 34 0
64 35 1
64 36 1
64 37 1
64 38 0
64 39 1
64 40 0
64 41 1
64 42 0
64 43 1
64 44 0
64 45 0
64 46 0
64 47 0
64 48 1
64 49 0
64 50 0
65 1 1
65 2 1
65 3 0
65 4 1
65 5 1
65 6 1
65 7 1
65 8 1
65 9 0
65 10 1
65 11 0
65 12 1
65 13 1
65 14 1
65 15 0
65 16 1
65 17 1
65 18 1
65 19 1
65 20 0
65 21 0
65 22 0
65 23 1
65 24 0
65 25 0
65 26 1
65 27 1
65 28 1
65 29 1
65 30 0
65 31 1
65 32 0
65 33 1
65 34 1
65 35 0
65 36 0
65 37 0
65 38 0
65 39 0
65 40 0
65 41 0
65 42 1
65 43 0
65 44 0
65 45 0
65 46 0
65 47 0
65 48 0
65 49 0
65 50 1
66 1 0
66 2 0
66 3 1
66 4 0
66 5 0
66 6 1
66 7 0
66 8 1
66 9 1
66 10 0
66 11 1
66 12 1
66 13 1
66 14 0
66 15 0
66 16 1
66 17 1
66 18 0
66 19 1
66 20 0
66 21 1
66 22 0
66 23 1
66 24 0
66 25 0
66 26 0
66 27 1
66 28 0
66 29 1
66 30 1
66 31 1
66 32 0
66 33 0
66 34 1
66 35 0
66 36 1
66 37 0
66 38 1
66 39 0
66 40 0
66 41 0
66 42 0
66 43 1
66 44 0
66 45 0
66 46 0
66 47 0
66 48 0
66 49 1
66 50 1
67 1 1
67 2 0
67 3 0
67 4 0
67 5 1
67 6 1
67 7 1
67 8 1
67 9 0
67 10 1
67 11 0
67 12 0
67 13 1
67 14 0
67 15 1
67 16 1
67 17 0
67 18 0
67 19 0
67 20 1
67 21 0
67 22 0
67 23 0
67 24 1
67 25 0
67 26 0
67 27 0
67 28 0
67 29 1
67 30 1
67 31 0
67 32 1
67 33 0
67 34 0
67 35 0
67 36 1
67 37 1
67 38 0
67 39 0
67 40 1
67 41 1
67 42 0
67 43 1
67 44 0
67 45 1
67 46 1
67 47 0
67 48 0
67 49 0
67 50 1
68 1 1
68 2 1
68 3 0
68 4 1
68 5 1
68 6 0
68 7 0
68 8 0
68 9 0
68 10 1
68 11 1
68 12 0
68 13 0
68 14 0
68 15 0
68 16 1
68 17 1
68 18 0
68 19 1
68 20 0
68 21 0
68 22 0
68 23 1
68 24 1
68 25 0
68 26 1
68 27 0
68 28 0
68 29 0
68 30 0
68 31 1
68 32 0
68 33 1
68 34 0
68 35 1
68 36 0
68 37 0
68 38 1
68 39 1
68 40 1
68 41 0
68 42 0
68 43 0
68 44 1
68 45 1
68 46 0
68 47 0
68 48 0
68 49 1
68 50 1
69 1 0
69 2 0
69 3 0
69 4 1
69 5 1
69 6 1
69 7 1
69 8 1
69 9 1
69 10 1
69 11 1
69 12 0
69 13 1
69 14 0
69 15 1
69 16 0
69 17 0
69 18 0
69 19 1
69 20 0
69 21 0
69 22 0
69 23 0
69 24 1
69 25 1
69 26 1
69 27 0
69 28 0
69 29 1
69 30 1
69 31 1
69 32 0
69 33 1
69 34 1
69 35 1
69 36 0
69 37 0
69 38 1
69 39 1
69 40 1
69 41 1
69 42 0
69 43 0
69 44 0
69 45 1
69 46 0
69 47 1
69 48 1
69 49 0
69 50 0
70 1 0
70 2 1
70 3 0
70 4 0
70 5 0
70 6 1
70 7 0
70 8 0
70 9 0
70 10 1
70 11 1
70 12 1
70 13 1
70 14 0
70 15 1
70 16 1
70 17 1
70 18 0
70 19 1
70 20 0
70 21 1
70 22 0
70 23 1
70 24 1
70 25 1
70 26 0
70 27 0
70 28 0
70 29 1
70 30 0
70 31 0
70 32 0
70 33 1
70 34 0
70 35 1
70 36 1
70 37 0
70 38 1
70 39 0
70 40 1
70 41 0
70 42 1
70 43 1
70 44 1
70 45 0
70 46 1
70 47 0
70 48 1
70 49 0
70 50 0
71 1 0
71 2 1
71 3 0
71 4 0
71 5 0
71 6 1
71 7 1
71 8 0
71 9 1
71 10 0
71 11 0
71 12 1
71 13 0
71 14 1
71 15 1
71 16 1
71 17 1
71 18 0
71 19 0
71 20 0
71 21 1
71 22 1
71 23 0
71 24 0
71 25 0
71 26 1
71 27 1
71 28 1
71 29 1
71 30 1
71 31 1
71 32 0
71 33 1
71 34 1
71 35 0
71 36 0
71 37 1
71 38 0
71 39 1
71 40 1
71 41 1
71 42 0
71 43 0
71 44 1
71 45 0
71 46 1
71 47 0
71 48 1
71 49 0
71 50 1
72 1 1
72 2 1
72 3 0
72 4 0
72 5 1
72 6 0
72 7 1
72 8 1
72 9 1
72 10 0
72 11 0
72 12 1
72 13 0
72 14 0
72 15 0
72 16 0
72 17 0
72 18 1
72 19 1
72 20 0
72 21 0
72 22 0
72 23 1
72 24 1
72 25 1
72 26 1
72 27 1
72 28 0
72 29 0
72 30 0
72 31 1
72 32 0
72 33 0
72 34 1
72 35 1
72 36 1
72 37 1
72 38 0
72 39 0
72 40 0
72 41 1
72 42 0
72 43 0
72 44 0
72 45 1
72 46 0
72 47 0
72 48 0
72 49 1
72 50 1
73 1 1
73 2 0
73 3 1
73 4 0
73 5 0
73 6 1
73 7 1
73 8 0
73 9 1
73 10 1
73 11 0
73 12 1
73 13 1
73 14 0
73 15 0
73 16 1
73 17 0
73 18 0
73 19 1
73 20 1
73 21 0
73 22 1
73 23 1
73 24 0
73 25 1
73 26 1
73 27 0
73 28 1
73 29 1
73 30 1
73 31 0
73 32 1
73 33 0
73 34 1
73 35 0
73 36 1
73 37 0
73 38 0
73 39 0
73 40 1
73 41 1
73 42 1
73 43 1
73 44 0
73 45 1
73 46 0
73 47 0
73 48 0
73 49 1
73 50 1
74 1 1
74 2 0
74 3 1
74 4 1
74 5 1
74 6 0
74 7 0
74 8 1
74 9 1
74 10 1
74 11 1
74 12 1
74 13 1
74 14 1
74 15 0
74 16 0
74 17 0
74 18 0
74 19 1
74 20 0
74 21 1
74 22 1
74 23 0
74 24 0
74 25 0
74 26 1
74 27 0
74 28 1
74 29 1
74 30 0
74 31 1
74 32 1
74 33 1
74 34 0
74 35 1
74 36 1
74 37 1
74 38 0
74 39 1
74 40 0
74 41 0
74 42 1
74 43 0
74 44 0
74 45 0
74 46 0
74 47 1
74 48 0
74 49 1
74 50 0
75 1 1
75 2 1
75 3 0
75 4 0
75 5 1
75 6 0
75 7 1
75 8 1
75 9 1
75 10 0
75 11 0
75 12 1
75 13 1
75 14 0
75 15 0
75 16 1
75 17 0
75 18 0
75 19 0
75 20 0
75 21 0
75 22 1
75 23 1
75 24 1
75 25 1
75 26 1
75 27 0
75 28 0
75 29 0
75 30 1
75 31 0
75 32 0
75 33 1
75 34 1
75 35 1
75 36 0
75 37 0
75 38 0
75 39 0
75 40 0
75 41 0
75 42 1
75 43 0
75 44 1
75 45 1
75 46 0
75 47 1
75 48 1
75 49 1
75 50 1
76 1 0
76 2 1
76 3 0
76 4 1
76 5 0
76 6 0
76 7 0
76 8 0
76 9 1
76 10 1
76 11 1
76 12 0
76 13 1
76 14 0
76 15 1
76 16 1
76 17 0
76 18 0
76 19 1
76 20 1
76 21 0
76 22 1
76 23 0
76 24 1
76 25 1
76 26 1
76 27 1
76 28 0
76 29 0
76 30 0
76 31 0
76 32 0
76 33 1
76 34 1
76 35 0
76 36 0
76 37 1
76 38 0
76 39 0
76 40 1
76 41 1
76 42 0
76 43 0
76 44 0
76 45 0
76 46 0
76 47 0
76 48 0
76 49 1
76 50 1
77 1 0
77 2 1
77 3 1
77 4 1
77 5 1
77 6 1
77 7 0
77 8 0
77 9 1
77 10 0
77 11 1
77 12 0
77 13 0
77 14 1
77 15 1
77 16 0
77 17 1
77 18 1
77 19 1
77 20 0
77 21 1
77 22 1
77 23 1
77 24 0
77 25 0
77 26 0
77 27 1
77 28 0
77 29 1
77 30 1
77 31 1
77 32 0
77 33 0
77 34 1
77 35 1
77 36 0
77 37 1
77 38 1
77 39 1
77 40 0
77 41 1
77 42 0
77 43 0
77 44 1
77 45 1
77 46 1
77 47 0
77 48 1
77 49 0
77 50 1
78 1 1
78 2 1
78 3 0
78 4 0
78 5 0
78 6 1
78 7 1
78 8 1
78 9 1
78 10 1
78 11 0
78 12 0
78 13 1
78 14 0
78 15 1
78 16 0
78 17 1
78 18 0
78 19 1
78 20 0
78 21 0
78 22 1
78 23 1
78 24 0
78 25 1
78 26 0
78 27 1
78 28 1
78 29 0
78 30 0
78 31 0
78 32 1
78 33 1
78 34 0
78 35 1
78 36 0
78 37 0
78 38 1
78 39 0
78 40 0
78 41 1
78 42 1
78 43 0
78 44 0
78 45 0
78 46 0
78 47 1
78 48 1
78 49 0
78 50 1
79 1 0
79 2 0
79 3 1
79 4 0
79 5 0
79 6 0
79 7 1
79 8 0
79 9 0
79 10 0
79 11 1
79 12 1
79 13 0
79 14 0
79 15 1
79 16 1
79 17 1
79 18 0
79 19 1
79 20 0
79 21 1
79 22 1
79 23 1
79 24 1
79 25 1
79 26 0
79 27 0
79 28 1
79 29 0
79 30 0
79 31 0
79 32 0
79 33 1
79 34 1
79 35 1
79 36 1
79 37 0
79 38 1
79 39 1
79 40 0
79 41 1
79 42 0
79 43 1
79 44 0
79 45 1
79 46 1
79 47 0
79 48 0
79 49 0
79 50 0
80 1 1
80 2 0
80 3 1
80 4 1
80 5 1
80 6 0
80 7 1
80 8 1
80 9 1
80 10 0
80 11 1
80 12 1
80 13 0
80 14 1
80 15 0
80 16 1
80 17 0
80 18 0
80 19 1
80 20 1
80 21 0
80 22 0
80 23 1
80 24 1
80 25 0
80 26 1
80 27 1
80 28 0
80 29 0
80 30 1
80 31 1
80 32 0
80 33 1
80 34 0
80 35 1
80 36 0
80 37 1
80 38 0
80 39 0
80 40 1
80 41 1
80 42 1
80 43 0
80 44 1
80 45 0
80 46 0
80 47 1
80 48 0
80 49 0
80 50 1
81 1 1
81 2 1
81 3 1
81 4 1
81 5 0
81 6 0
81 7 1
81 8 0
81 9 0
81 10 0
81 11 0
81 12 0
81 13 0
81 14 0
81 15 0
81 16 1
81 17 0
81 18 1
81 19 0
81 20 1
81 21 1
81 22 0
81 23 0
81 24 0
81 25 0
81 26 0
81 27 1
81 28 0
81 29 1
81 30 0
81 31 0
81 32 1
81 33 1
81 34 0
81 35 1
81 36 1
81 37 1
81 38 1
81 39 0
81 40 0
81 41 1
81 42 1
81 43 1
81 44 0
81 45 0
81 46 0
81 47 1
81 48 0
81 49 0
81 50 0
82 1 0
82 2 0
82 3 1
82 4 1
82 5 1
82 6 1
82 7 0
82 8 1
82 9 1
82 10 1
82 11 0
82 12 0
82 13 1
82 14 0
82 15 0
82 16 0
82 17 0
82 18 1
82 19 0
82 20 0
82 21 0
82 22 0
82 23 0
82 24 1
82 25 1
82 26 1
82 27 1
82 28 0
82 29 1
82 30 1
82 31 0
82 32 1
82 33 0
82 34 1
82 35 0
82 36 0
82 37 0
82 38 1
82 39 0
82 40 1
82 41 0
82 42 1
82 43 0
82 44 0
82 45 0
82 46 1
82 47 1
82 48 0
82 49 1
82 50 0
83 1 1
83 2 0
83 3 0
83 4 1
83 5 0
83 6 1
83 7 1
83 8 0
83 9 1
83 10 1
83 11 0
83 12 1
83 13 0
83 14 0
83 15 1
83 16 0
83 17 1
83 18 1
83 19 0
83 20 1
83 21 1
83 22 0
83 23 1
83 24 1
83 25 1
83 26 0
83 27 0
83 28 0
83 29 0
83 30 0
83 31 1
83 32 0
83 33 1
83 34 0
83 35 0
83 36 1
83 37 1
83 38 1
83 39 1
83 40 1
83 41 1
83 42 1
83 43 1
83 44 0
83 45 0
83 46 1
83 47 1
83 48 1
83 49 0
83 50 1
84 1 1
84 2 0
84 3 1
84 4 0
84 5 0
84 6 0
84 7 1
84 8 0
84 9 1
84 10 0
84 11 1
84 12 0
84 13 0
84 14 0
84 15 0
84 16 0
84 17 0
84 18 0
84 19 0
84 20 0
84 21 0
84 22 0
84 23 0
84 24 1
84 25 1
84 26 1
84 27 1
84 28 0
84 29 1
84 30 1
84 31 1
84 32 0
84 33 0
84 34 1
84 35 0
84 36 1
84 37 1
84 38 1
84 39 0
84 40 1
84 41 0
84 42 1
84 43 0
84 44 1
84 45 1
84 46 1
84 47 0
84 48 0
84 49 1
84 50 0
85 1 1
85 2 0
85 3 0
85 4 1
85 5 0
85 6 1
85 7 1
85 8 1
85 9 1
85 10 1
85 11 0
85 12 1
85 13 1
85 14 0
85 15 0
85 16 1
85 17 0
85 18 0
85 19 1
85 20 1
85 21 1
85 22 1
85 23 1
85 24 0
85 25 0
85 26 1
85 27 1
85 28 0
85 29 1
85 30 1
85 31 1
85 32 1
85 33 1
85 34 1
85 35 0
85 36 0
85 37 0
85 38 1
85 39 1
85 40 0
85 41 0
85 42 0
85 43 1
85 44 0
85 45 1
85 46 1
85 47 1
85 48 0
85 49 0
85 50 1
86 1 1
86 2 0
86 3 0
86 4 1
86 5 1
86 6 0
86 7 0
86 8 1
86 9 0
86 10 1
86 11 0
86 12 1
86 13 1
86 14 1
86 15 0
86 16 1
86 17 1
86 18 1
86 19 1
86 20 0
86 21 0
86 22 0
86 23 0
86 24 0
86 25 1
86 26 0
86 27 1
86 28 0
86 29 0
86 30 0
86 31 1
86 32 1
86 33 1
86 34 0
86 35 1
86 36 1
86 37 1
86 38 0
86 39 1
86 40 0
86 41 1
86 42 1
86 43 0
86 44 0
86 45 0
86 46 0
86 47 0
86 48 1
86 49 1
86 50 1
87 1 0
87 2 0
87 3 1
87 4 1
87 5 1
87 6 1
87 7 0
87 8 0
87 9 0
87 10 0
87 11 0
87 12 1
87 13 1
87 14 0
87 15 1
87 16 0
87 17 0
87 18 0
87 19 1
87 20 0
87 21 0
87 22 0
87 23 1
87 24 1
87 25 1
87 26 1
87 27 1
87 28 1
87 29 1
87 30 0
87 31 0
87 32 0
87 33 1
87 34 1
87 35 1
87 36 0
87 37 1
87 38 1
87 39 1
87 40 0
87 41 1
87 42 1
87 43 0
87 44 1
87 45 0
87 46 0
87 47 1
87 48 1
87 49 0
87 50 0
88 1 0
88 2 1
88 3 1
88 4 1
88 5 0
88 6 1
88 7 0
88 8 0
88 9 1
88 10 1
88 11 1
88 12 0
88 13 0
88 14 1
88 15 0
88 16 1
88 17 0
88 18 0
88 19 0
88 20 1
88 21 0
88 22 1
88 23 0
88 24 1
88 25 1
88 26 0
88 27 1
88 28 1
88 29 0
88 30 0
88 31 0
88 32 0
88 33 1
88 34 1
88 35 0
88 36 1
88 37 1
88 38 0
88 39 1
88 40 0
88 41 0
88 42 0
88 43 1
88 44 1
88 45 1
88 46 0
88 47 1
88 48 0
88 49 0
88 50 1
89 1 1
89 2 1
89 3 1
89 4 0
89 5 0
89 6 0
89 7 1
89 8 1
89 9 0
89 10 0
89 11 0
89 12 0
89 13 0
89 14 1
89 15 0
89 16 0
89 17 0
89 18 0
89 19 1
89 20 0
89 21 1
89 22 0
89 23 0
89 24 1
89 25 0
89 26 1
89 27 1
89 28 0
89 29 1
89 30 0
89 31 1
89 32 1
89 33 0
89 34 0
89 35 1
89 36 1
89 37 1
89 38 0
89 39 0
89 40 0
89 41 1
89 42 0
89 43 1
89 44 0
89 45 0
89 46 0
89 47 1
89 48 0
89 49 1
89 50 1
90 1 0
90 2 1
90 3 1
90 4 1
90 5 0
90 6 0
90 7 0
90 8 0
90 9 0
90 10 1
90 11 1
90 12 0
90 13 0
90 14 0
90 15 0
90 16 1
90 17 1
90 18 1
90 19 1
90 20 0
90 21 0
90 22 0
90 23 0
90 24 1
90 25 0
90 26 1
90 27 1
90 28 1
90 29 1
90 30 1
90 31 0
90 32 0
90 33 1
90 34 1
90 35 1
90 36 1
90 37 0
90 38 1
90 39 1
90 40 0
90 41 1
90 42 1
90 43 0
90 44 0
90 45 1
90 46 0
90 47 0
90 48 1
90 49 1
90 50 1
91 1 1
91 2 0
91 3 0
91 4 1
91 5 1
91 6 0
91 7 1
91 8 0
91 9 0
91 10 1
91 11 1
91 12 1
91 13 1
91 14 0
91 15 0
91 16 0
91 17 0
91 18 1
91 19 1
91 20 0
91 21 0
91 22 0
91 23 0
91 24 1
91 25 0
91 26 0
91 27 0
91 28 0
91 29 0
91 30 1
91 31 0
91 32 1
91 33 1
91 34 0
91 35 1
91 36 1
91 37 1
91 38 1
91 39 0
91 40 0
91 41 1
91 42 0
91 43 0
91 44 1
91 45 0
91 46 1
91 47 0
91 48 1
91 49 0
91 50 1
92 1 0
92 2 0
92 3 1
92 4 0
92 5 1
92 6 1
92 7 0
92 8 1
92 9 0
92 10 1
92 11 0
92 12 1
92 13 1
92 14 1
92 15 0
92 16 0
92 17 0
92 18 0
92 19 1
92 20 0
92 21 1
92 22 1
92 23 1
92 24 1
92 25 0
92 26 1
92 27 0
92 28 1
92 29 0
92 30 0
92 31 1
92 32 1
92 33 0
92 34 0
92 35 0
92 36 0
92 37 0
92 38 1
92 39 0
92 40 0
92 41 1
92 42 0
92 43 0
92 44 0
92 45 1
92 46 1
92 47 1
92 48 0
92 49 1
92 50 1
93 1 0
93 2 1
93 3 1
93 4 1
93 5 0
93 6 1
93 7 0
93 8 0
93 9 1
93 10 1
93 11 1
93 12 1
93 13 0
93 14 1
93 15 0
93 16 0
93 17 0
93 18 0
93 19 1
93 20 1
93 21 1
93 22 1
93 23 1
93 24 1
93 25 1
93 26 1
93 27 1
93 28 1
93 29 1
93 30 1
93 31 0
93 32 0
93 33 0
93 34 1
93 35 0
93 36 0
93 37 0
93 38 0
93 39 1
93 40 0
93 41 0
93 42 0
93 43 1
93 44 1
93 45 1
93 46 1
93 47 1
93 48 0
93 49 0
93 50 1
94 1 1
94 2 0
94 3 0
94 4 0
94 5 0
94 6 0
94 7 0
94 8 0
94 9 1
94 10 1
94 11 0
94 12 0
94 13 1
94 14 0
94 15 1
94 16 0
94 17 1
94 18 0
94 19 1
94 20 0
94 21 0
94 22 0
94 23 0
94 24 0
94 25 1
94 26 1
94 27 0
94 28 1
94 29 1
94 30 1
94 31 1
94 32 1
94 33 1
94 34 1
94 35 0
94 36 1
94 37 0
94 38 0
94 39 1
94 40 1
94 41 1
94 42 1
94 43 1
94 44 1
94 45 0
94 46 1
94 47 1
94 48 1
94 49 0
94 50 0
95 1 1
95 2 1
95 3 0
95 4 0
95 5 0
95 6 1
95 7 0
95 8 1
95 9 0
95 10 1
95 11 1
95 12 1
95 13 0
95 14 1
95 15 1
95 16 1
95 17 0
95 18 1
95 19 0
95 20 0
95 21 1
95 22 0
95 23 1
95 24 1
95 25 0
95 26 0
95 27 1
95 28 0
95 29 1
95 30 1
95 31 0
95 32 1
95 33 1
95 34 0
95 35 0
95 36 1
95 37 0
95 38 0
95 39 1
95 40 0
95 41 1
95 42 0
95 43 0
95 44 0
95 45 0
95 46 1
95 47 1
95 48 1
95 49 0
95 50 0
96 1 0
96 2 0
96 3 0
96 4 1
96 5 1
96 6 1
96 7 0
96 8 1
96 9 0
96 10 1
96 11 0
96 12 1
96 13 0
96 14 1
96 15 1
96 16 1
96 17 1
96 18 0
96 19 1
96 20 1
96 21 0
96 22 0
96 23 0
96 24 0
96 25 1
96 26 0
96 27 1
96 28 0
96 29 1
96 30 1
96 31 0
96 32 1
96 33 1
96 34 1
96 35 1
96 36 1
96 37 1
96 38 0
96 39 1
96 40 0
96 41 1
96 42 1
96 43 1
96 44 0
96 45 1
96 46 0
96 47 0
96 48 1
96 49 0
96 50 1
97 1 0
97 2 1
97 3 1
97 4 0
97 5 0
97 6 1
97 7 0
97 8 1
97 9 0
97 10 1
97 11 1
97 12 1
97 13 0
97 14 1
97 15 0
97 16 0
97 17 1
97 18 0
97 19 0
97 20 0
97 21 0
97 22 1
97 23 0
97 24 0
97 25 1
97 26 0
97 27 1
97 28 0
97 29 0
97 30 0
97 31 0
97 32 0
97 33 1
97 34 0
97 35 0
97 36 0
97 37 1
97 38 0
97 39 0
97 40 1
97 41 0
97 42 0
97 43 0
97 44 0
97 45 0
97 46 0
97 47 1
97 48 0
97 49 0
97 50 1
98 1 1
98 2 0
98 3 1
98 4 1
98 5 0
98 6 1
98 7 0
98 8 0
98 9 0
98 10 0
98 11 1
98 12 1
98 13 0
98 14 1
98 15 1
98 16 0
98 17 1
98 18 0
98 19 1
98 20 0
98 21 0
98 22 0
98 23 1
98 24 1
98 25 1
98 26 0
98 27 1
98 28 0
98 29 1
98 30 0
98 31 1
98 32 0
98 33 0
98 34 0
98 35 0
98 36 1
98 37 0
98 38 0
98 39 0
98 40 0
98 41 1
98 42 0
98 43 0
98 44 0
98 45 0
98 46 1
98 47 0
98 48 1
98 49 0
98 50 0
99 1 0
99 2 0
99 3 0
99 4 1
99 5 1
99 6 0
99 7 1
99 8 0
99 9 1
99 10 1
99 11 0
99 12 0
99 13 0
99 14 0
99 15 1
99 16 1
99 17 1
99 18 1
99 19 0
99 20 1
99 21 1
99 22 1
99 23 1
99 24 1
99 25 0
99 26 0
99 27 0
99 28 1
99 29 0
99 30 0
99 31 0
99 32 1
99 33 0
99 34 0
99 35 1
99 36 0
99 37 0
99 38 0
99 39 0
99 40 1
99 41 1
99 42 0
99 43 1
99 44 0
99 45 0
99 46 1
99 47 0
99 48 0
99 49 0
99 50 1
100 1 0
100 2 0
100 3 0
100 4 1
100 5 1
100 6 0
100 7 1
100 8 1
100 9 1
100 10 1
100 11 0
100 12 0
100 13 0
100 14 0
100 15 1
100 16 1
100 17 1
100 18 0
100 19 0
100 20 1
100 21 0
100 22 0
100 23 1
100 24 0
100 25 1
100 26 1
100 27 1
100 28 1
100 29 1
100 30 0
100 31 1
100 32 0
100 33 1
100 34 0
100 35 1
100 36 1
100 37 0
100 38 0
100 39 0
100 40 0
100 41 1
100 42 0
100 43 0
100 44 0
100 45 0
100 46 0
100 47 1
100 48 0
100 49 0
100 50 0