32 40
8 45
100 50
1 1 0
1 2 1
1 3 1
1 4 1
1 5 0
1 6 1
1 7 0
1 8 1
1 9 0
1 10 1
1 11 1
1 12 0
1 13 1
1 14 1
1 15 0
1 16 1
1 17 0
1 18 0
1 19 1
1 20 0
1 21 0
1 22 1
1 23 1
1 24 0
1 25 0
1 26 0
1 27 1
1 28 0
1 29 1
1 30 0
1 31 0
1 32 1
1 33 0
1 34 0
1 35 0
1 36 0
1 37 1
1 38 1
1 39 0
1 40 0
1 41 1
1 42 0
1 43 1
1 44 1
1 45 0
1 46 0
1 47 0
1 48 1
1 49 1
1 50 0
2 1 1
2 2 0
2 3 0
2 4 1
2 5 0
2 6 0
2 7 0
2 8 1
2 9 1
2 10 1
2 11 0
2 12 1
2 13 1
2 14 1
2 15 1
2 16 1
2 17 0
2 18 0
2 19 1
2 20 1
2 21 1
2 22 1
2 23 0
2 24 1
2 25 0
2 26 1
2 27 0
2 28 0
2 29 1
2 30 0
2 31 0
2 32 1
2 33 1
2 34 1
2 35 0
2 36 0
2 37 0
2 38 0
2 39 0
2 40 0
2 41 1
2 42 1
2 43 0
2 44 0
2 45 0
2 46 1
2 47 1
2 48 1
2 49 1
2 50 1
3 1 1
3 2 0
3 3 1
3 4 0
3 5 0
3 6 0
3 7 1
3 8 1
3 9 0
3 10 0
3 11 1
3 12 0
3 13 0
3 14 1
3 15 1
3 16 0
3 17 0
3 18 1
3 19 0
3 20 0
3 21 1
3 22 0
3 23 0
3 24 1
3 25 1
3 26 1
3 27 1
3 28 1
3 29 1
3 30 0
3 31 0
3 32 1
3 33 1
3 34 1
3 35 0
3 36 0
3 37 1
3 38 1
3 39 1
3 40 1
3 41 1
3 42 0
3 43 1
3 44 1
3 45 0
3 46 1
3 47 0
3 48 1
3 49 0
3 50 0
4 1 0
4 2 1
4 3 0
4 4 1
4 5 1
4 6 0
4 7 0
4 8 0
4 9 0
4 10 0
4 11 0
4 12 1
4 13 1
4 14 1
4 15 0
4 16 0
4 17 0
4 18 0
4 19 0
4 20 1
4 21 1
4 22 0
4 23 1
4 24 0
4 25 0
4 26 1
4 27 1
4 28 0
4 29 0
4 30 1
4 31 0
4 32 0
4 33 0
4 34 0
4 35 0
4 36 0
4 37 1
4 38 1
4 39 1
4 40 0
4 41 0
4 42 0
4 43 1
4 44 1
4 45 1
4 46 1
4 47 1
4 48 1
4 49 0
4 50 1
5 1 1
5 2 0
5 3 1
5 4 0
5 5 1
5 6 1
5 7 1
5 8 0
5 9 1
5 10 0
5 11 0
5 12 0
5 13 0
5 14 0
5 15 1
5 16 1
5 17 0
5 18 1
5 19 1
5 20 0
5 21 0
5 22 1
5 23 0
5 24 0
5 25 0
5 26 0
5 27 1
5 28 1
5 29 1
5 30 0
5 31 0
5 32 1
5 33 0
5 34 0
5 35 0
5 36 0
5 37 0
5 38 0
5 39 0
5 40 1
5 41 0
5 42 1
5 43 1
5 44 0
5 45 1
5 46 0
5 47 0
5 48 0
5 49 0
5 50 1
6 1 1
6 2 0
6 3 0
6 4 1
6 5 0
6 6 0
6 7 1
6 8 1
6 9 0
6 10 1
6 11 0
6 12 0
6 13 1
6 14 1
6 15 1
6 16 0
6 17 0
6 18 1
6 19 1
6 20 0
6 21 1
6 22 0
6 23 1
6 24 1
6 25 0
6 26 1
6 27 0
6 28 1
6 29 0
6 30 0
6 31 1
6 32 0
6 33 0
6 34 1
6 35 0
6 36 0
6 37 1
6 38 0
6 39 0
6 40 1
6 41 0
6 42 0
6 43 0
6 44 0
6 45 0
6 46 0
6 47 0
6 48 1
6 49 0
6 50 0
7 1 1
7 2 1
7 3 0
7 4 0
7 5 0
7 6 1
7 7 0
7 8 1
7 9 0
7 10 0
7 11 1
7 12 1
7 13 1
7 14 0
7 15 1
7 16 0
7 17 0
7 18 0
7 19 1
7 20 1
7 21 0
7 22 1
7 23 1
7 24 0
7 25 1
7 26 1
7 27 0
7 28 1
7 29 1
7 30 0
7 31 0
7 32 0
7 33 0
7 34 1
7 35 1
7 36 0
7 37 0
7 38 0
7 39 1
7 40 1
7 41 0
7 42 0
7 43 1
7 44 0
7 45 0
7 46 1
7 47 0
7 48 0
7 49 1
7 50 0
8 1 0
8 2 0
8 3 1
8 4 0
8 5 0
8 6 0
8 7 0
8 8 0
8 9 1
8 10 1
8 11 1
8 12 0
8 13 0
8 14 0
8 15 1
8 16 1
8 17 0
8 18 1
8 19 0
8 20 0
8 21 0
8 22 1
8 23 1
8 24 0
8 25 1
8 26 0
8 27 0
8 28 0
8 29 1
8 30 0
8 31 1
8 32 0
8 33 1
8 34 1
8 35 1
8 36 1
8 37 1
8 38 0
8 39 1
8 40 0
8 41 1
8 42 0
8 43 0
8 44 1
8 45 0
8 46 1
8 47 1
8 48 0
8 49 1
8 50 1
9 1 1
9 2 0
9 3 1
9 4 1
9 5 0
9 6 0
9 7 1
9 8 0
9 9 0
9 10 0
9 11 1
9 12 0
9 13 0
9 14 0
9 15 0
9 16 0
9 17 0
9 18 1
9 19 1
9 20 1
9 21 1
9 22 0
9 23 0
9 24 0
9 25 1
9 26 0
9 27 0
9 28 1
9 29 1
9 30 1
9 31 1
9 32 1
9 33 1
9 34 1
9 35 0
9 36 0
9 37 1
9 38 1
9 39 1
9 40 0
9 41 1
9 42 1
9 43 1
9 44 1
9 45 1
9 46 1
9 47 1
9 48 0
9 49 1
9 50 1
10 1 0
10 2 1
10 3 1
10 4 0
10 5 1
10 6 1
10 7 1
10 8 0
10 9 0
10 10 1
10 11 1
10 12 0
10 13 0
10 14 1
10 15 0
10 16 1
10 17 1
10 18 0
10 19 1
10 20 1
10 21 0
10 22 0
10 23 0
10 24 0
10 25 0
10 26 0
10 27 1
10 28 1
10 29 0
10 30 1
10 31 0
10 32 1
10 33 0
10 34 1
10 35 1
10 36 0
10 37 1
10 38 1
10 39 1
10 40 0
10 41 1
10 42 1
10 43 1
10 44 1
10 45 0
10 46 0
10 47 0
10 48 1
10 49 1
10 50 0
11 1 1
11 2 1
11 3 1
11 4 1
11 5 1
11 6 1
11 7 0
11 8 0
11 9 0
11 10 1
11 11 1
11 12 1
11 13 1
11 14 0
11 15 1
11 16 0
11 17 0
11 18 0
11 19 0
11 20 0
11 21 0
11 22 1
11 23 1
11 24 1
11 25 1
11 26 0
11 27 1
11 28 1
11 29 1
11 30 1
11 31 0
11 32 1
11 33 1
11 34 0
11 35 0
11 36 1
11 37 1
11 38 1
11 39 0
11 40 0
11 41 0
11 42 0
11 43 1
11 44 0
11 45 1
11 46 1
11 47 0
11 48 1
11 49 1
11 50 0
12 1 0
12 2 1
12 3 1
12 4 1
12 5 1
12 6 0
12 7 1
12 8 1
12 9 0
12 10 1
12 11 0
12 12 0
12 13 0
12 14 0
12 15 0
12 16 1
12 17 0
12 18 1
12 19 0
12 20 0
12 21 0
12 22 0
12 23 0
12 24 0
12 25 1
12 26 0
12 27 0
12 28 1
12 29 1
12 30 1
12 31 1
12 32 0
12 33 1
12 34 0
12 35 1
12 36 1
12 37 0
12 38 0
12 39 1
12 40 1
12 41 0
12 42 1
12 43 0
12 44 0
12 45 1
12 46 0
12 47 1
12 48 1
12 49 0
12 50 1
13 1 1
13 2 0
13 3 1
13 4 1
13 5 0
13 6 0
13 7 1
13 8 1
13 9 0
13 10 0
13 11 1
13 12 1
13 13 0
13 14 1
13 15 1
13 16 0
13 17 0
13 18 0
13 19 0
13 20 0
13 21 1
13 22 0
13 23 0
13 24 0
13 25 1
13 26 0
13 27 1
13 28 1
13 29 1
13 30 0
13 31 0
13 32 0
13 33 0
13 34 1
13 35 0
13 36 0
13 37 1
13 38 0
13 39 1
13 40 0
13 41 1
13 42 0
13 43 1
13 44 1
13 45 1
13 46 1
13 47 1
13 48 0
13 49 0
13 50 0
14 1 0
14 2 1
14 3 1
14 4 0
14 5 0
14 6 1
14 7 0
14 8 1
14 9 0
14 10 1
14 11 1
14 12 0
14 13 0
14 14 0
14 15 0
14 16 0
14 17 1
14 18 1
14 19 1
14 20 0
14 21 0
14 22 1
14 23 1
14 24 1
14 25 0
14 26 0
14 27 1
14 28 1
14 29 1
14 30 0
14 31 0
14 32 1
14 33 0
14 34 0
14 35 0
14 36 0
14 37 0
14 38 0
14 39 0
14 40 0
14 41 1
14 42 1
14 43 0
14 44 0
14 45 0
14 46 0
14 47 0
14 48 1
14 49 0
14 50 1
15 1 0
15 2 1
15 3 0
15 4 1
15 5 1
15 6 0
15 7 1
15 8 1
15 9 1
15 10 0
15 11 1
15 12 1
15 13 1
15 14 0
15 15 1
15 16 0
15 17 0
15 18 0
15 19 0
15 20 0
15 21 0
15 22 1
15 23 0
15 24 1
15 25 0
15 26 0
15 27 1
15 28 1
15 29 0
15 30 1
15 31 1
15 32 0
15 33 1
15 34 1
15 35 1
15 36 0
15 37 0
15 38 1
15 39 1
15 40 0
15 41 1
15 42 1
15 43 0
15 44 0
15 45 0
15 46 1
15 47 1
15 48 0
15 49 0
15 50 1
16 1 0
16 2 0
16 3 0
16 4 0
16 5 0
16 6 0
16 7 1
16 8 1
16 9 1
16 10 0
16 11 1
16 12 1
16 13 1
16 14 1
16 15 1
16 16 0
16 17 0
16 18 0
16 19 1
16 20 0
16 21 0
16 22 1
16 23 1
16 24 0
16 25 0
16 26 0
16 27 0
16 28 0
16 29 1
16 30 0
16 31 1
16 32 0
16 33 1
16 34 0
16 35 0
16 36 1
16 37 0
16 38 1
16 39 1
16 40 1
16 41 0
16 42 1
16 43 1
16 44 1
16 45 0
16 46 1
16 47 1
16 48 1
16 49 0
16 50 0
17 1 1
17 2 0
17 3 1
17 4 0
17 5 1
17 6 1
17 7 0
17 8 0
17 9 1
17 10 0
17 11 0
17 12 0
17 13 0
17 14 1
17 15 0
17 16 1
17 17 0
17 18 1
17 19 0
17 20 0
17 21 0
17 22 1
17 23 1
17 24 1
17 25 0
17 26 1
17 27 1
17 28 1
17 29 0
17 30 1
17 31 1
17 32 0
17 33 0
17 34 1
17 35 1
17 36 1
17 37 0
17 38 1
17 39 0
17 40 0
17 41 0
17 42 0
17 43 0
17 44 1
17 45 0
17 46 1
17 47 1
17 48 1
17 49 1
17 50 1
18 1 1
18 2 1
18 3 0
18 4 1
18 5 1
18 6 0
18 7 0
18 8 1
18 9 0
18 10 0
18 11 1
18 12 0
18 13 1
18 14 1
18 15 0
18 16 0
18 17 0
18 18 1
18 19 1
18 20 1
18 21 0
18 22 1
18 23 0
18 24 1
18 25 1
18 26 1
18 27 0
18 28 0
18 29 1
18 30 1
18 31 1
18 32 1
18 33 1
18 34 1
18 35 0
18 36 0
18 37 0
18 38 1
18 39 1
18 40 1
18 41 0
18 42 1
18 43 0
18 44 1
18 45 0
18 46 0
18 47 0
18 48 1
18 49 1
18 50 0
19 1 0
19 2 1
19 3 0
19 4 0
19 5 1
19 6 0
19 7 0
19 8 0
19 9 1
19 10 0
19 11 1
19 12 0
19 13 0
19 14 1
19 15 1
19 16 1
19 17 0
19 18 0
19 19 0
19 20 0
19 21 0
19 22 0
19 23 0
19 24 1
19 25 0
19 26 1
19 27 1
19 28 0
19 29 0
19 30 0
19 31 1
19 32 1
19 33 0
19 34 0
19 35 1
19 36 0
19 37 1
19 38 0
19 39 1
19 40 1
19 41 0
19 42 1
19 43 0
19 44 1
19 45 0
19 46 0
19 47 0
19 48 0
19 49 0
19 50 1
20 1 0
20 2 0
20 3 1
20 4 0
20 5 0
20 6 0
20 7 0
20 8 0
20 9 0
20 10 0
20 11 0
20 12 1
20 13 1
20 14 0
20 15 0
20 16 0
20 17 1
20 18 0
20 19 1
20 20 0
20 21 1
20 22 0
20 23 0
20 24 0
20 25 0
20 26 0
20 27 0
20 28 1
20 29 1
20 30 0
20 31 1
20 32 0
20 33 0
20 34 1
20 35 1
20 36 0
20 37 1
20 38 1
20 39 1
20 40 1
20 41 0
20 42 0
20 43 0
20 44 0
20 45 1
20 46 0
20 47 1
20 48 1
20 49 0
20 50 0
21 1 0
21 2 1
21 3 1
21 4 0
21 5 0
21 6 1
21 7 1
21 8 1
21 9 0
21 10 0
21 11 0
21 12 1
21 13 1
21 14 0
21 15 1
21 16 0
21 17 1
21 18 0
21 19 1
21 20 1
21 21 1
21 22 0
21 23 1
21 24 1
21 25 1
21 26 0
21 27 0
21 28 0
21 29 1
21 30 1
21 31 0
21 32 1
21 33 1
21 34 1
21 35 1
21 36 1
21 37 0
21 38 0
21 39 0
21 40 0
21 41 1
21 42 1
21 43 0
21 44 0
21 45 1
21 46 1
21 47 0
21 48 1
21 49 1
21 50 1
22 1 0
22 2 0
22 3 0
22 4 1
22 5 0
22 6 0
22 7 0
22 8 0
22 9 0
22 10 1
22 11 0
22 12 1
22 13 0
22 14 0
22 15 0
22 16 1
22 17 1
22 18 1
22 19 1
22 20 1
22 21 1
22 22 0
22 23 0
22 24 1
22 25 0
22 26 0
22 27 1
22 28 0
22 29 1
22 30 0
22 31 1
22 32 1
22 33 1
22 34 1
22 35 0
22 36 0
22 37 1
22 38 1
22 39 0
22 40 0
22 41 1
22 42 1
22 43 0
22 44 0
22 45 0
22 46 0
22 47 0
22 48 1
22 49 0
22 50 1
23 1 0
23 2 1
23 3 0
23 4 0
23 5 0
23 6 1
23 7 0
23 8 0
23 9 1
23 10 1
23 11 0
23 12 1
23 13 0
23 14 1
23 15 1
23 16 1
23 17 1
23 18 1
23 19 1
23 20 0
23 21 1
23 22 1
23 23 0
23 24 1
23 25 1
23 26 1
23 27 0
23 28 1
23 29 1
23 30 1
23 31 0
23 32 1
23 33 1
23 34 0
23 35 1
23 36 0
23 37 1
23 38 1
23 39 1
23 40 1
23 41 1
23 42 1
23 43 0
23 44 0
23 45 0
23 46 0
23 47 0
23 48 1
23 49 0
23 50 0
24 1 1
24 2 1
24 3 0
24 4 0
24 5 1
24 6 1
24 7 0
24 8 1
24 9 0
24 10 0
24 11 1
24 12 1
24 13 0
24 14 0
24 15 1
24 16 1
24 17 1
24 18 0
24 19 1
24 20 1
24 21 1
24 22 1
24 23 0
24 24 1
24 25 0
24 26 0
24 27 0
24 28 0
24 29 0
24 30 0
24 31 0
24 32 1
24 33 0
24 34 0
24 35 1
24 36 1
24 37 1
24 38 1
24 39 1
24 40 1
24 41 1
24 42 1
24 43 1
24 44 0
24 45 1
24 46 0
24 47 0
24 48 1
24 49 0
24 50 0
25 1 0
25 2 1
25 3 1
25 4 1
25 5 1
25 6 0
25 7 0
25 8 0
25 9 0
25 10 0
25 11 0
25 12 0
25 13 1
25 14 1
25 15 1
25 16 0
25 17 0
25 18 0
25 19 0
25 20 1
25 21 1
25 22 1
25 23 1
25 24 0
25 25 1
25 26 1
25 27 1
25 28 1
25 29 0
25 30 1
25 31 0
25 32 1
25 33 1
25 34 0
25 35 1
25 36 1
25 37 0
25 38 1
25 39 0
25 40 1
25 41 0
25 42 0
25 43 0
25 44 1
25 45 1
25 46 0
25 47 0
25 48 0
25 49 1
25 50 1
26 1 1
26 2 1
26 3 1
26 4 0
26 5 1
26 6 0
26 7 0
26 8 1
26 9 0
26 10 0
26 11 0
26 12 1
26 13 0
26 14 1
26 15 1
26 16 0
26 17 0
26 18 1
26 19 0
26 20 1
26 21 0
26 22 0
26 23 1
26 24 1
26 25 0
26 26 0
26 27 1
26 28 0
26 29 0
26 30 0
26 31 0
26 32 0
26 33 0
26 34 1
26 35 1
26 36 1
26 37 0
26 38 1
26 39 0
26 40 1
26 41 1
26 42 1
26 43 0
26 44 0
26 45 0
26 46 0
26 47 0
26 48 1
26 49 1
26 50 0
27 1 0
27 2 1
27 3 1
27 4 0
27 5 1
27 6 0
27 7 1
27 8 0
27 9 0
27 10 0
27 11 0
27 12 0
27 13 0
27 14 0
27 15 1
27 16 1
27 17 0
27 18 1
27 19 1
27 20 1
27 21 0
27 22 0
27 23 1
27 24 0
27 25 1
27 26 1
27 27 0
27 28 0
27 29 0
27 30 0
27 31 0
27 32 0
27 33 1
27 34 0
27 35 0
27 36 0
27 37 0
27 38 1
27 39 0
27 40 0
27 41 1
27 42 1
27 43 0
27 44 0
27 45 0
27 46 1
27 47 0
27 48 1
27 49 1
27 50 1
28 1 0
28 2 1
28 3 1
28 4 1
28 5 0
28 6 0
28 7 1
28 8 1
28 9 0
28 10 1
28 11 0
28 12 1
28 13 0
28 14 0
28 15 1
28 16 1
28 17 0
28 18 0
28 19 1
28 20 1
28 21 1
28 22 0
28 23 0
28 24 1
28 25 1
28 26 1
28 27 0
28 28 0
28 29 1
28 30 1
28 31 1
28 32 0
28 33 1
28 34 1
28 35 0
28 36 0
28 37 0
28 38 1
28 39 1
28 40 1
28 41 0
28 42 1
28 43 0
28 44 1
28 45 1
28 46 0
28 47 1
28 48 1
28 49 0
28 50 0
29 1 1
29 2 1
29 3 1
29 4 1
29 5 0
29 6 1
29 7 0
29 8 1
29 9 0
29 10 1
29 11 0
29 12 0
29 13 0
29 14 0
29 15 1
29 16 1
29 17 1
29 18 0
29 19 0
29 20 0
29 21 1
29 22 1
29 23 0
29 24 0
29 25 1
29 26 0
29 27 1
29 28 0
29 29 0
29 30 0
29 31 0
29 32 1
29 33 0
29 34 1
29 35 1
29 36 0
29 37 0
29 38 0
29 39 1
29 40 0
29 41 1
29 42 1
29 43 1
29 44 0
29 45 0
29 46 1
29 47 1
29 48 1
29 49 0
29 50 1
30 1 1
30 2 0
30 3 1
30 4 1
30 5 0
30 6 1
30 7 0
30 8 0
30 9 0
30 10 0
30 11 0
30 12 0
30 13 1
30 14 0
30 15 1
30 16 1
30 17 1
30 18 0
30 19 1
30 20 1
30 21 1
30 22 1
30 23 1
30 24 0
30 25 1
30 26 1
30 27 1
30 28 1
30 29 1
30 30 1
30 31 0
30 32 1
30 33 1
30 34 1
30 35 0
30 36 0
30 37 1
30 38 0
30 39 1
30 40 0
30 41 1
30 42 0
30 43 0
30 44 1
30 45 1
30 46 0
30 47 1
30 48 0
30 49 1
30 50 1
31 1 0
31 2 0
31 3 1
31 4 0
31 5 1
31 6 0
31 7 1
31 8 1
31 9 1
31 10 1
31 11 0
31 12 1
31 13 0
31 14 0
31 15 1
31 16 1
31 17 0
31 18 1
31 19 1
31 20 0
31 21 1
31 22 1
31 23 0
31 24 0
31 25 1
31 26 0
31 27 1
31 28 1
31 29 0
31 30 0
31 31 0
31 32 0
31 33 0
31 34 1
31 35 0
31 36 1
31 37 0
31 38 1
31 39 1
31 40 0
31 41 0
31 42 0
31 43 0
31 44 0
31 45 1
31 46 0
31 47 1
31 48 0
31 49 1
31 50 0
32 1 0
32 2 0
32 3 1
32 4 0
32 5 1
32 6 1
32 7 0
32 8 0
32 9 0
32 10 0
32 11 1
32 12 0
32 13 1
32 14 1
32 15 1
32 16 0
32 17 0
32 18 1
32 19 1
32 20 0
32 21 1
32 22 0
32 23 0
32 24 1
32 25 0
32 26 1
32 27 1
32 28 1
32 29 1
32 30 0
32 31 0
32 32 1
32 33 1
32 34 0
32 35 1
32 36 1
32 37 0
32 38 1
32 39 1
32 40 0
32 41 0
32 42 0
32 43 0
32 44 0
32 45 1
32 46 0
32 47 1
32 48 0
32 49 1
32 50 1
33 1 1
33 2 0
33 3 0
33 4 1
33 5 0
33 6 1
33 7 0
33 8 0
33 9 1
33 10 1
33 11 0
33 12 1
33 13 1
33 14 0
33 15 0
33 16 1
33 17 0
33 18 0
33 19 1
33 20 0
33 21 1
33 22 1
33 23 1
33 24 0
33 25 1
33 26 0
33 27 1
33 28 1
33 29 0
33 30 1
33 31 1
33 32 0
33 33 0
33 34 1
33 35 0
33 36 0
33 37 1
33 38 1
33 39 0
33 40 1
33 41 0
33 42 1
33 43 0
33 44 1
33 45 1
33 46 1
33 47 0
33 48 1
33 49 0
33 50 1
34 1 0
34 2 0
34 3 1
34 4 1
34 5 0
34 6 0
34 7 0
34 8 0
34 9 0
34 10 0
34 11 0
34 12 0
34 13 0
34 14 0
34 15 0
34 16 0
34 17 1
34 18 0
34 19 1
34 20 0
34 21 0
34 22 1
34 23 1
34 24 1
34 25 0
34 26 1
34 27 0
34 28 0
34 29 1
34 30 0
34 31 0
34 32 0
34 33 1
34 34 1
34 35 0
34 36 0
34 37 1
34 38 1
34 39 0
34 40 0
34 41 0
34 42 0
34 43 0
34 44 1
34 45 0
34 46 0
34 47 0
34 48 1
34 49 1
34 50 1
35 1 1
35 2 0
35 3 0
35 4 1
35 5 1
35 6 0
35 7 1
35 8 1
35 9 1
35 10 1
35 11 1
35 12 1
35 13 1
35 14 1
35 15 0
35 16 0
35 17 1
35 18 1
35 19 1
35 20 1
35 21 0
35 22 1
35 23 0
35 24 0
35 25 1
35 26 1
35 27 1
35 28 1
35 29 1
35 30 0
35 31 0
35 32 1
35 33 0
35 34 1
35 35 1
35 36 0
35 37 0
35 38 0
35 39 1
35 40 1
35 41 0
35 42 1
35 43 0
35 44 0
35 45 1
35 46 1
35 47 1
35 48 0
35 49 0
35 50 1
36 1 0
36 2 1
36 3 1
36 4 0
36 5 1
36 6 0
36 7 0
36 8 0
36 9 1
36 10 0
36 11 1
36 12 1
36 13 1
36 14 1
36 15 0
36 16 0
36 17 0
36 18 0
36 19 1
36 20 1
36 21 1
36 22 1
36 23 1
36 24 0
36 25 1
36 26 1
36 27 1
36 28 0
36 29 0
36 30 0
36 31 1
36 32 0
36 33 1
36 34 0
36 35 1
36 36 1
36 37 1
36 38 0
36 39 1
36 40 0
36 41 0
36 42 1
36 43 0
36 44 0
36 45 0
36 46 1
36 47 0
36 48 1
36 49 0
36 50 0
37 1 1
37 2 0
37 3 1
37 4 1
37 5 0
37 6 0
37 7 1
37 8 1
37 9 0
37 10 0
37 11 1
37 12 0
37 13 1
37 14 0
37 15 1
37 16 1
37 17 1
37 18 1
37 19 1
37 20 0
37 21 1
37 22 0
37 23 0
37 24 1
37 25 0
37 26 1
37 27 0
37 28 0
37 29 1
37 30 0
37 31 1
37 32 1
37 33 1
37 34 0
37 35 0
37 36 1
37 37 1
37 38 0
37 39 0
37 40 1
37 41 1
37 42 1
37 43 0
37 44 1
37 45 0
37 46 1
37 47 0
37 48 0
37 49 0
37 50 1
38 1 1
38 2 1
38 3 0
38 4 1
38 5 1
38 6 1
38 7 1
38 8 1
38 9 0
38 10 1
38 11 0
38 12 0
38 13 0
38 14 0
38 15 1
38 16 0
38 17 1
38 18 0
38 19 0
38 20 1
38 21 0
38 22 0
38 23 0
38 24 0
38 25 0
38 26 0
38 27 1
38 28 0
38 29 0
38 30 1
38 31 1
38 32 1
38 33 0
38 34 0
38 35 1
38 36 1
38 37 0
38 38 0
38 39 1
38 40 0
38 41 0
38 42 0
38 43 1
38 44 0
38 45 1
38 46 0
38 47 0
38 48 1
38 49 1
38 50 0
39 1 1
39 2 1
39 3 1
39 4 1
39 5 1
39 6 0
39 7 1
39 8 0
39 9 1
39 10 1
39 11 0
39 12 1
39 13 1
39 14 0
39 15 0
39 16 1
39 17 0
39 18 1
39 19 1
39 20 0
39 21 1
39 22 0
39 23 0
39 24 0
39 25 1
39 26 1
39 27 1
39 28 1
39 29 0
39 30 1
39 31 1
39 32 1
39 33 1
39 34 0
39 35 0
39 36 1
39 37 0
39 38 0
39 39 1
39 40 0
39 41 0
39 42 1
39 43 1
39 44 1
39 45 1
39 46 1
39 47 0
39 48 1
39 49 1
39 50 0
40 1 1
40 2 0
40 3 0
40 4 0
40 5 1
40 6 1
40 7 1
40 8 0
40 9 1
40 10 1
40 11 1
40 12 1
40 13 1
40 14 1
40 15 1
40 16 1
40 17 0
40 18 0
40 19 0
40 20 1
40 21 1
40 22 0
40 23 0
40 24 0
40 25 0
40 26 0
40 27 1
40 28 0
40 29 1
40 30 0
40 31 0
40 32 1
40 33 1
40 34 0
40 35 1
40 36 0
40 37 1
40 38 1
40 39 0
40 40 1
40 41 0
40 42 0
40 43 0
40 44 0
40 45 1
40 46 1
40 47 0
40 48 1
40 49 1
40 50 0
41 1 0
41 2 0
41 3 0
41 4 1
41 5 1
41 6 1
41 7 0
41 8 0
41 9 1
41 10 1
41 11 0
41 12 1
41 13 1
41 14 1
41 15 0
41 16 0
41 17 1
41 18 0
41 19 0
41 20 0
41 21 0
41 22 0
41 23 1
41 24 1
41 25 1
41 26 0
41 27 0
41 28 0
41 29 0
41 30 1
41 31 0
41 32 0
41 33 0
41 34 0
41 35 1
41 36 0
41 37 0
41 38 0
41 39 1
41 40 0
41 41 1
41 42 1
41 43 0
41 44 0
41 45 0
41 46 1
41 47 0
41 48 1
41 49 1
41 50 0
42 1 1
42 2 1
42 3 0
42 4 0
42 5 1
42 6 0
42 7 1
42 8 0
42 9 1
42 10 1
42 11 0
42 12 1
42 13 1
42 14 1
42 15 1
42 16 1
42 17 1
42 18 1
42 19 0
42 20 0
42 21 1
42 22 1
42 23 1
42 24 1
42 25 0
42 26 1
42 27 1
42 28 1
42 29 0
42 30 0
42 31 1
42 32 1
42 33 1
42 34 0
42 35 1
42 36 1
42 37 0
42 38 1
42 39 1
42 40 0
42 41 0
42 42 1
42 43 1
42 44 0
42 45 0
42 46 0
42 47 1
42 48 1
42 49 0
42 50 0
43 1 1
43 2 1
43 3 1
43 4 0
43 5 1
43 6 0
43 7 0
43 8 1
43 9 1
43 10 1
43 11 1
43 12 1
43 13 0
43 14 0
43 15 0
43 16 1
43 17 1
43 18 0
43 19 0
43 20 0
43 21 0
43 22 0
43 23 1
43 24 0
43 25 1
43 26 0
43 27 1
43 28 0
43 29 1
43 30 0
43 31 1
43 32 0
43 33 1
43 34 1
43 35 0
43 36 0
43 37 1
43 38 0
43 39 0
43 40 0
43 41 0
43 42 1
43 43 0
43 44 1
43 45 0
43 46 1
43 47 0
43 48 1
43 49 0
43 50 0
44 1 0
44 2 0
44 3 0
44 4 0
44 5 1
44 6 0
44 7 1
44 8 0
44 9 1
44 10 0
44 11 0
44 12 0
44 13 0
44 14 1
44 15 1
44 16 0
44 17 0
44 18 1
44 19 1
44 20 1
44 21 0
44 22 1
44 23 1
44 24 1
44 25 0
44 26 0
44 27 1
44 28 0
44 29 0
44 30 0
44 31 0
44 32 1
44 33 1
44 34 0
44 35 1
44 36 0
44 37 0
44 38 1
44 39 0
44 40 1
44 41 0
44 42 1
44 43 0
44 44 1
44 45 0
44 46 0
44 47 1
44 48 0
44 49 0
44 50 1
45 1 1
45 2 0
45 3 0
45 4 1
45 5 1
45 6 1
45 7 0
45 8 0
45 9 1
45 10 0
45 11 0
45 12 1
45 13 1
45 14 1
45 15 0
45 16 0
45 17 0
45 18 0
45 19 0
45 20 1
45 21 0
45 22 0
45 23 1
45 24 0
45 25 1
45 26 1
45 27 1
45 28 1
45 29 1
45 30 0
45 31 1
45 32 0
45 33 0
45 34 1
45 35 0
45 36 0
45 37 1
45 38 0
45 39 0
45 40 0
45 41 1
45 42 0
45 43 0
45 44 0
45 45 0
45 46 1
45 47 1
45 48 0
45 49 0
45 50 0
46 1 1
46 2 0
46 3 0
46 4 0
46 5 0
46 6 1
46 7 0
46 8 1
46 9 0
46 10 0
46 11 0
46 12 0
46 13 0
46 14 1
46 15 0
46 16 1
46 17 1
46 18 0
46 19 0
46 20 1
46 21 0
46 22 0
46 23 1
46 24 0
46 25 0
46 26 0
46 27 1
46 28 1
46 29 0
46 30 0
46 31 1
46 32 0
46 33 1
46 34 1
46 35 1
46 36 0
46 37 1
46 38 0
46 39 0
46 40 0
46 41 1
46 42 1
46 43 0
46 44 1
46 45 0
46 46 0
46 47 0
46 48 0
46 49 0
46 50 0
47 1 1
47 2 1
47 3 1
47 4 0
47 5 1
47 6 0
47 7 1
47 8 0
47 9 1
47 10 1
47 11 0
47 12 1
47 13 0
47 14 1
47 15 1
47 16 1
47 17 0
47 18 1
47 19 1
47 20 1
47 21 0
47 22 0
47 23 1
47 24 0
47 25 0
47 26 0
47 27 0
47 28 1
47 29 1
47 30 1
47 31 1
47 32 1
47 33 0
47 34 0
47 35 0
47 36 1
47 37 1
47 38 0
47 39 1
47 40 0
47 41 0
47 42 0
47 43 0
47 44 0
47 45 1
47 46 1
47 47 0
47 48 0
47 49 0
47 50 1
48 1 0
48 2 1
48 3 1
48 4 1
48 5 0
48 6 1
48 7 0
48 8 0
48 9 0
48 10 0
48 11 0
48 12 0
48 13 0
48 14 0
48 15 0
48 16 1
48 17 1
48 18 1
48 19 0
48 20 0
48 21 0
48 22 1
48 23 1
48 24 0
48 25 1
48 26 0
48 27 0
48 28 1
48 29 1
48 30 1
48 31 0
48 32 0
48 33 0
48 34 0
48 35 0
48 36 1
48 37 1
48 38 0
48 39 1
48 40 0
48 41 1
48 42 0
48 43 1
48 44 0
48 45 1
48 46 1
48 47 1
48 48 0
48 49 0
48 50 0
49 1 1
49 2 1
49 3 1
49 4 0
49 5 1
49 6 0
49 7 0
49 8 1
49 9 0
49 10 0
49 11 0
49 12 0
49 13 1
49 14 1
49 15 1
49 16 1
49 17 0
49 18 1
49 19 0
49 20 1
49 21 1
49 22 1
49 23 1
49 24 1
49 25 1
49 26 1
49 27 0
49 28 0
49 29 0
49 30 0
49 31 1
49 32 1
49 33 1
49 34 1
49 35 1
49 36 1
49 37 0
49 38 0
49 39 0
49 40 1
49 41 1
49 42 1
49 43 0
49 44 1
49 45 1
49 46 0
49 47 1
49 48 1
49 49 0
49 50 1
50 1 1
50 2 1
50 3 0
50 4 1
50 5 0
50 6 1
50 7 1
50 8 0
50 9 0
50 10 0
50 11 0
50 12 1
50 13 1
50 14 1
50 15 0
50 16 0
50 17 0
50 18 0
50 19 0
50 20 1
50 21 1
50 22 0
50 23 0
50 24 1
50 25 1
50 26 1
50 27 1
50 28 1
50 29 1
50 30 0
50 31 1
50 32 0
50 33 0
50 34 0
50 35 0
50 36 1
50 37 1
50 38 1
50 39 1
50 40 1
50 41 1
50 42 1
50 43 1
50 44 0
50 45 1
50 46 0
50 47 1
50 48 1
50 49 0
50 50 0
51 1 1
51 2 0
51 3 0
51 4 0
51 5 0
51 6 1
51 7 0
51 8 0
51 9 0
51 10 1
51 11 1
51 12 1
51 13 0
51 14 0
51 15 1
51 16 1
51 17 1
51 18 0
51 19 0
51 20 1
51 21 0
51 22 1
51 23 1
51 24 0
51 25 0
51 26 1
51 27 0
51 28 1
51 29 0
51 30 0
51 31 1
51 32 1
51 33 1
51 34 0
51 35 0
51 36 0
51 37 1
51 38 0
51 39 0
51 40 0
51 41 0
51 42 1
51 43 1
51 44 0
51 45 1
51 46 1
51 47 0
51 48 1
51 49 1
51 50 1
52 1 1
52 2 1
52 3 1
52 4 1
52 5 0
52 6 1
52 7 1
52 8 1
52 9 0
52 10 1
52 11 0
52 12 1
52 13 1
52 14 0
52 15 0
52 16 1
52 17 1
52 18 0
52 19 0
52 20 0
52 21 1
52 22 1
52 23 0
52 24 0
52 25 0
52 26 1
52 27 0
52 28 0
52 29 0
52 30 0
52 31 1
52 32 1
52 33 0
52 34 1
52 35 0
52 36 0
52 37 1
52 38 0
52 39 1
52 40 0
52 41 1
52 42 0
52 43 0
52 44 1
52 45 1
52 46 1
52 47 1
52 48 1
52 49 1
52 50 0
53 1 0
53 2 0
53 3 1
53 4 0
53 5 1
53 6 0
53 7 0
53 8 0
53 9 1
53 10 0
53 11 1
53 12 1
53 13 1
53 14 1
53 15 0
53 16 1
53 17 0
53 18 1
53 19 0
53 20 1
53 21 0
53 22 1
53 23 1
53 24 0
53 25 1
53 26 1
53 27 1
53 28 1
53 29 0
53 30 1
53 31 0
53 32 0
53 33 1
53 34 1
53 35 0
53 36 0
53 37 0
53 38 0
53 39 0
53 40 1
53 41 1
53 42 1
53 43 1
53 44 0
53 45 0
53 46 1
53 47 1
53 48 1
53 49 1
53 50 0
54 1 0
54 2 1
54 3 1
54 4 0
54 5 0
54 6 1
54 7 1
54 8 0
54 9 0
54 10 1
54 11 1
54 12 0
54 13 0
54 14 0
54 15 1
54 16 0
54 17 1
54 18 0
54 19 0
54 20 1
54 21 1
54 22 0
54 23 1
54 24 1
54 25 0
54 26 0
54 27 1
54 28 1
54 29 1
54 30 1
54 31 1
54 32 0
54 33 1
54 34 1
54 35 0
54 36 1
54 37 1
54 38 1
54 39 1
54 40 1
54 41 0
54 42 1
54 43 1
54 44 1
54 45 0
54 46 1
54 47 0
54 48 0
54 49 1
54 50 1
55 1 0
55 2 0
55 3 0
55 4 1
55 5 1
55 6 1
55 7 1
55 8 1
55 9 1
55 10 1
55 11 0
55 12 1
55 13 1
55 14 0
55 15 1
55 16 0
55 17 0
55 18 0
55 19 0
55 20 0
55 21 0
55 22 0
55 23 1
55 24 0
55 25 1
55 26 1
55 27 1
55 28 1
55 29 1
55 30 0
55 31 1
55 32 1
55 33 0
55 34 0
55 35 0
55 36 0
55 37 1
55 38 1
55 39 1
55 40 0
55 41 0
55 42 1
55 43 0
55 44 1
55 45 0
55 46 0
55 47 1
55 48 0
55 49 1
55 50 1
56 1 0
56 2 0
56 3 1
56 4 1
56 5 0
56 6 1
56 7 0
56 8 1
56 9 1
56 10 0
56 11 1
56 12 1
56 13 1
56 14 0
56 15 1
56 16 0
56 17 1
56 18 1
56 19 1
56 20 1
56 21 1
56 22 1
56 23 1
56 24 0
56 25 1
56 26 0
56 27 1
56 28 1
56 29 0
56 30 1
56 31 1
56 32 0
56 33 0
56 34 0
56 35 1
56 36 0
56 37 0
56 38 1
56 39 0
56 40 0
56 41 0
56 42 0
56 43 1
56 44 0
56 45 0
56 46 1
56 47 1
56 48 0
56 49 1
56 50 1
57 1 0
57 2 0
57 3 0
57 4 0
57 5 0
57 6 0
57 7 1
57 8 1
57 9 1
57 10 0
57 11 1
57 12 0
57 13 1
57 14 1
57 15 1
57 16 1
57 17 0
57 18 0
57 19 0
57 20 0
57 21 1
57 22 1
57 23 1
57 24 0
57 25 0
57 26 1
57 27 0
57 28 0
57 29 1
57 30 1
57 31 0
57 32 1
57 33 0
57 34 0
57 35 0
57 36 0
57 37 1
57 38 1
57 39 0
57 40 0
57 41 1
57 42 1
57 43 0
57 44 0
57 45 1
57 46 0
57 47 1
57 48 0
57 49 0
57 50 0
58 1 1
58 2 0
58 3 1
58 4 0
58 5 1
58 6 1
58 7 1
58 8 1
58 9 0
58 10 0
58 11 1
58 12 1
58 13 1
58 14 0
58 15 1
58 16 1
58 17 1
58 18 0
58 19 1
58 20 1
58 21 1
58 22 0
58 23 1
58 24 1
58 25 0
58 26 0
58 27 1
58 28 0
58 29 1
58 30 1
58 31 1
58 32 1
58 33 0
58 34 1
58 35 1
58 36 1
58 37 1
58 38 0
58 39 0
58 40 1
58 41 1
58 42 1
58 43 1
58 44 0
58 45 0
58 46 0
58 47 0
58 48 1
58 49 0
58 50 1
59 1 0
59 2 1
59 3 1
59 4 1
59 5 1
59 6 1
59 7 1
59 8 1
59 9 0
59 10 0
59 11 1
59 12 1
59 13 0
59 14 0
59 15 1
59 16 0
59 17 1
59 18 0
59 19 0
59 20 0
59 21 0
59 22 0
59 23 0
59 24 1
59 25 1
59 26 1
59 27 0
59 28 1
59 29 1
59 30 0
59 31 0
59 32 1
59 33 1
59 34 1
59 35 0
59 36 0
59 37 1
59 38 1
59 39 0
59 40 1
59 41 0
59 42 1
59 43 1
59 44 0
59 45 0
59 46 1
59 47 1
59 48 0
59 49 0
59 50 0
60 1 0
60 2 1
60 3 0
60 4 0
60 5 1
60 6 1
60 7 0
60 8 0
60 9 1
60 10 0
60 11 1
60 12 1
60 13 1
60 14 1
60 15 0
60 16 0
60 17 1
60 18 0
60 19 1
60 20 1
60 21 1
60 22 0
60 23 1
60 24 1
60 25 0
60 26 1
60 27 1
60 28 1
60 29 1
60 30 1
60 31 1
60 32 0
60 33 1
60 34 0
60 35 1
60 36 0
60 37 0
60 38 1
60 39 1
60 40 0
60 41 0
60 42 0
60 43 0
60 44 1
60 45 1
60 46 0
60 47 1
60 48 1
60 49 0
60 50 0
61 1 0
61 2 0
61 3 0
61 4 1
61 5 0
61 6 1
61 7 0
61 8 1
61 9 1
61 10 1
61 11 1
61 12 0
61 13 0
61 14 1
61 15 0
61 16 0
61 17 0
61 18 0
61 19 0
61 20 0
61 21 0
61 22 1
61 23 1
61 24 0
61 25 0
61 26 1
61 27 1
61 28 0
61 29 1
61 30 0
61 31 1
61 32 0
61 33 1
61 34 0
61 35 0
61 36 0
61 37 1
61 38 1
61 39 0
61 40 1
61 41 0
61 42 0
61 43 1
61 44 0
61 45 0
61 46 0
61 47 0
61 48 1
61 49 1
61 50 0
62 1 1
62 2 1
62 3 1
62 4 0
62 5 1
62 6 1
62 7 0
62 8 1
62 9 1
62 10 0
62 11 1
62 12 0
62 13 1
62 14 0
62 15 0
62 16 0
62 17 0
62 18 0
62 19 0
62 20 1
62 21 0
62 22 1
62 23 0
62 24 0
62 25 0
62 26 1
62 27 0
62 28 0
62 29 0
62 30 0
62 31 0
62 32 0
62 33 1
62 34 0
62 35 1
62 36 0
62 37 0
62 38 1
62 39 0
62 40 0
62 41 1
62 42 0
62 43 1
62 44 1
62 45 1
62 46 1
62 47 1
62 48 1
62 49 1
62 50 0
63 1 0
63 2 1
63 3 1
63 4 0
63 5 0
63 6 0
63 7 1
63 8 0
63 9 0
63 10 1
63 11 0
63 12 1
63 13 1
63 14 0
63 15 0
63 16 0
63 17 1
63 18 0
63 19 1
63 20 0
63 21 0
63 22 1
63 23 0
63 24 0
63 25 0
63 26 1
63 27 1
63 28 0
63 29 1
63 30 1
63 31 1
63 32 0
63 33 1
63 34 1
63 35 1
63 36 1
63 37 0
63 38 1
63 39 0
63 40 0
63 41 0
63 42 0
63 43 0
63 44 0
63 45 0
63 46 0
63 47 1
63 48 0
63 49 0
63 50 1
64 1 0
64 2 0
64 3 0
64 4 0
64 5 1
64 6 1
64 7 1
64 8 1
64 9 1
64 10 0
64 11 1
64 12 1
64 13 1
64 14 1
64 15 1
64 16 0
64 17 0
64 18 0
64 19 1
64 20 1
64 21 1
64 22 1
64 23 0
64 24 0
64 25 1
64 26 1
64 27 1
64 28 1
64 29 0
64 30 1
64 31 0
64 32 0
64 33 0
64 34 0
64 35 1
64 36 1
64 37 0
64 38 0
64 39 1
64 40 0
64 41 0
64 42 1
64 43 0
64 44 1
64 45 0
64 46 1
64 47 1
64 48 1
64 49 0
64 50 0
65 1 0
65 2 1
65 3 1
65 4 0
65 5 0
65 6 0
65 7 0
65 8 0
65 9 0
65 10 0
65 11 1
65 12 1
65 13 0
65 14 0
65 15 0
65 16 1
65 17 0
65 18 1
65 19 0
65 20 1
65 21 0
65 22 0
65 23 0
65 24 1
65 25 0
65 26 1
65 27 0
65 28 1
65 29 1
65 30 1
65 31 1
65 32 1
65 33 0
65 34 1
65 35 1
65 36 0
65 37 0
65 38 0
65 39 0
65 40 0
65 41 1
65 42 0
65 43 1
65 44 1
65 45 0
65 46 0
65 47 1
65 48 0
65 49 1
65 50 1
66 1 0
66 2 1
66 3 1
66 4 1
66 5 1
66 6 1
66 7 0
66 8 0
66 9 0
66 10 0
66 11 1
66 12 1
66 13 1
66 14 1
66 15 0
66 16 1
66 17 1
66 18 1
66 19 1
66 20 1
66 21 1
66 22 0
66 23 0
66 24 0
66 25 1
66 26 0
66 27 0
66 28 0
66 29 0
66 30 0
66 31 1
66 32 0
66 33 1
66 34 0
66 35 0
66 36 0
66 37 1
66 38 1
66 39 0
66 40 0
66 41 1
66 42 1
66 43 0
66 44 0
66 45 1
66 46 0
66 47 0
66 48 0
66 49 0
66 50 0
67 1 1
67 2 1
67 3 1
67 4 0
67 5 1
67 6 0
67 7 1
67 8 0
67 9 1
67 10 0
67 11 1
67 12 1
67 13 1
67 14 1
67 15 0
67 16 1
67 17 0
67 18 1
67 19 1
67 20 0
67 21 0
67 22 0
67 23 1
67 24 0
67 25 0
67 26 1
67 27 0
67 28 1
67 29 1
67 30 0
67 31 0
67 32 0
67 33 1
67 34 0
67 35 1
67 36 0
67 37 0
67 38 0
67 39 0
67 40 1
67 41 0
67 42 1
67 43 1
67 44 0
67 45 0
67 46 1
67 47 0
67 48 0
67 49 0
67 50 0
68 1 0
68 2 0
68 3 0
68 4 1
68 5 1
68 6 1
68 7 0
68 8 1
68 9 1
68 10 0
68 11 1
68 12 0
68 13 1
68 14 1
68 15 0
68 16 1
68 17 0
68 18 0
68 19 1
68 20 0
68 21 1
68 22 0
68 23 1
68 24 0
68 25 0
68 26 0
68 27 1
68 28 1
68 29 0
68 30 1
68 31 1
68 32 1
68 33 0
68 34 0
68 35 0
68 36 1
68 37 0
68 38 1
68 39 1
68 40 0
68 41 0
68 42 0
68 43 0
68 44 0
68 45 0
68 46 0
68 47 0
68 48 0
68 49 0
68 50 0
69 1 0
69 2 1
69 3 1
69 4 0
69 5 0
69 6 0
69 7 0
69 8 0
69 9 0
69 10 1
69 11 0
69 12 1
69 13 0
69 14 1
69 15 1
69 16 1
69 17 0
69 18 1
69 19 0
69 20 1
69 21 0
69 22 0
69 23 1
69 24 1
69 25 1
69 26 0
69 27 0
69 28 0
69 29 1
69 30 1
69 31 1
69 32 0
69 33 1
69 34 0
69 35 1
69 36 1
69 37 1
69 38 1
69 39 1
69 40 1
69 41 0
69 42 0
69 43 0
69 44 0
69 45 1
69 46 1
69 47 0
69 48 0
69 49 0
69 50 0
70 1 1
70 2 0
70 3 0
70 4 1
70 5 0
70 6 0
70 7 0
70 8 0
70 9 1
70 10 1
70 11 0
70 12 1
70 13 0
70 14 1
70 15 1
70 16 0
70 17 0
70 18 0
70 19 0
70 20 0
70 21 0
70 22 1
70 23 1
70 24 1
70 25 0
70 26 0
70 27 0
70 28 0
70 29 1
70 30 1
70 31 1
70 32 1
70 33 0
70 34 0
70 35 0
70 36 0
70 37 0
70 38 1
70 39 1
70 40 0
70 41 0
70 42 0
70 43 0
70 44 1
70 45 0
70 46 1
70 47 0
70 48 1
70 49 1
70 50 1
71 1 1
71 2 1
71 3 1
71 4 1
71 5 0
71 6 0
71 7 1
71 8 0
71 9 0
71 10 0
71 11 1
71 12 1
71 13 1
71 14 1
71 15 1
71 16 0
71 17 1
71 18 1
71 19 0
71 20 0
71 21 0
71 22 0
71 23 0
71 24 1
71 25 0
71 26 0
71 27 1
71 28 0
71 29 1
71 30 0
71 31 1
71 32 1
71 33 0
71 34 0
71 35 1
71 36 1
71 37 1
71 38 0
71 39 1
71 40 1
71 41 0
71 42 0
71 43 1
71 44 1
71 45 0
71 46 0
71 47 1
71 48 0
71 49 1
71 50 0
72 1 1
72 2 0
72 3 0
72 4 0
72 5 1
72 6 0
72 7 1
72 8 1
72 9 1
72 10 1
72 11 0
72 12 0
72 13 1
72 14 1
72 15 0
72 16 1
72 17 0
72 18 0
72 19 1
72 20 0
72 21 1
72 22 1
72 23 1
72 24 0
72 25 1
72 26 1
72 27 0
72 28 0
72 29 0
72 30 1
72 31 1
72 32 1
72 33 1
72 34 1
72 35 0
72 36 0
72 37 1
72 38 0
72 39 1
72 40 1
72 41 1
72 42 0
72 43 1
72 44 0
72 45 1
72 46 0
72 47 1
72 48 1
72 49 0
72 50 1
73 1 0
73 2 0
73 3 0
73 4 1
73 5 0
73 6 1
73 7 0
73 8 0
73 9 0
73 10 1
73 11 0
73 12 0
73 13 0
73 14 1
73 15 0
73 16 1
73 17 1
73 18 0
73 19 1
73 20 0
73 21 1
73 22 1
73 23 0
73 24 0
73 25 1
73 26 0
73 27 0
73 28 0
73 29 1
73 30 0
73 31 1
73 32 1
73 33 1
73 34 1
73 35 0
73 36 1
73 37 0
73 38 1
73 39 1
73 40 0
73 41 1
73 42 1
73 43 0
73 44 0
73 45 1
73 46 0
73 47 1
73 48 0
73 49 0
73 50 1
74 1 1
74 2 0
74 3 1
74 4 0
74 5 0
74 6 1
74 7 1
74 8 0
74 9 0
74 10 1
74 11 1
74 12 0
74 13 1
74 14 1
74 15 0
74 16 1
74 17 0
74 18 0
74 19 0
74 20 1
74 21 0
74 22 1
74 23 0
74 24 1
74 25 0
74 26 0
74 27 1
74 28 0
74 29 0
74 30 0
74 31 1
74 32 0
74 33 1
74 34 1
74 35 1
74 36 1
74 37 0
74 38 0
74 39 0
74 40 0
74 41 0
74 42 0
74 43 0
74 44 1
74 45 0
74 46 0
74 47 1
74 48 0
74 49 1
74 50 1
75 1 1
75 2 1
75 3 1
75 4 1
75 5 0
75 6 0
75 7 0
75 8 0
75 9 0
75 10 0
75 11 1
75 12 0
75 13 0
75 14 1
75 15 0
75 16 0
75 17 1
75 18 1
75 19 0
75 20 1
75 21 1
75 22 1
75 23 0
75 24 0
75 25 1
75 26 0
75 27 1
75 28 1
75 29 0
75 30 1
75 31 1
75 32 1
75 33 0
75 34 1
75 35 1
75 36 0
75 37 1
75 38 0
75 39 0
75 40 0
75 41 1
75 42 0
75 43 0
75 44 0
75 45 0
75 46 0
75 47 1
75 48 0
75 49 0
75 50 1
76 1 0
76 2 0
76 3 1
76 4 0
76 5 0
76 6 0
76 7 1
76 8 0
76 9 1
76 10 0
76 11 0
76 12 1
76 13 0
76 14 0
76 15 0
76 16 1
76 17 0
76 18 0
76 19 0
76 20 0
76 21 0
76 22 1
76 23 1
76 24 0
76 25 1
76 26 0
76 27 1
76 28 1
76 29 1
76 30 0
76 31 0
76 32 0
76 33 1
76 34 1
76 35 1
76 36 0
76 37 1
76 38 0
76 39 1
76 40 0
76 41 1
76 42 1
76 43 1
76 44 1
76 45 0
76 46 0
76 47 1
76 48 1
76 49 1
76 50 0
77 1 1
77 2 0
77 3 0
77 4 1
77 5 0
77 6 1
77 7 0
77 8 1
77 9 1
77 10 0
77 11 0
77 12 1
77 13 1
77 14 1
77 15 0
77 16 1
77 17 1
77 18 1
77 19 1
77 20 0
77 21 0
77 22 1
77 23 0
77 24 1
77 25 1
77 26 1
77 27 1
77 28 0
77 29 0
77 30 1
77 31 0
77 32 0
77 33 0
77 34 0
77 35 0
77 36 0
77 37 1
77 38 1
77 39 0
77 40 1
77 41 1
77 42 1
77 43 1
77 44 0
77 45 1
77 46 1
77 47 0
77 48 1
77 49 0
77 50 1
78 1 1
78 2 1
78 3 1
78 4 0
78 5 1
78 6 0
78 7 1
78 8 1
78 9 0
78 10 1
78 11 0
78 12 0
78 13 1
78 14 1
78 15 1
78 16 1
78 17 1
78 18 1
78 19 0
78 20 0
78 21 1
78 22 0
78 23 1
78 24 0
78 25 0
78 26 1
78 27 1
78 28 1
78 29 0
78 30 0
78 31 1
78 32 1
78 33 0
78 34 0
78 35 1
78 36 0
78 37 0
78 38 1
78 39 1
78 40 0
78 41 1
78 42 0
78 43 1
78 44 0
78 45 0
78 46 1
78 47 1
78 48 1
78 49 0
78 50 1
79 1 0
79 2 1
79 3 0
79 4 0
79 5 1
79 6 1
79 7 1
79 8 1
79 9 1
79 10 0
79 11 0
79 12 0
79 13 1
79 14 1
79 15 0
79 16 1
79 17 0
79 18 1
79 19 1
79 20 1
79 21 0
79 22 0
79 23 0
79 24 1
79 25 1
79 26 0
79 27 1
79 28 0
79 29 0
79 30 1
79 31 1
79 32 1
79 33 0
79 34 1
79 35 1
79 36 1
79 37 1
79 38 0
79 39 1
79 40 0
79 41 0
79 42 1
79 43 1
79 44 0
79 45 1
79 46 0
79 47 0
79 48 0
79 49 0
79 50 0
80 1 0
80 2 0
80 3 0
80 4 0
80 5 0
80 6 1
80 7 0
80 8 0
80 9 1
80 10 0
80 11 0
80 12 1
80 13 1
80 14 1
80 15 0
80 16 1
80 17 0
80 18 1
80 19 1
80 20 1
80 21 1
80 22 1
80 23 0
80 24 0
80 25 0
80 26 1
80 27 0
80 28 1
80 29 1
80 30 0
80 31 0
80 32 0
80 33 1
80 34 0
80 35 1
80 36 1
80 37 0
80 38 1
80 39 0
80 40 1
80 41 1
80 42 1
80 43 0
80 44 0
80 45 0
80 46 0
80 47 1
80 48 1
80 49 1
80 50 1
81 1 1
81 2 1
81 3 1
81 4 0
81 5 1
81 6 0
81 7 1
81 8 1
81 9 1
81 10 1
81 11 0
81 12 0
81 13 0
81 14 1
81 15 1
81 16 0
81 17 0
81 18 1
81 19 1
81 20 1
81 21 0
81 22 0
81 23 1
81 24 0
81 25 0
81 26 0
81 27 0
81 28 0
81 29 1
81 30 0
81 31 0
81 32 0
81 33 0
81 34 0
81 35 0
81 36 0
81 37 0
81 38 0
81 39 0
81 40 0
81 41 1
81 42 0
81 43 0
81 44 0
81 45 0
81 46 1
81 47 1
81 48 1
81 49 0
81 50 0
82 1 1
82 2 0
82 3 0
82 4 1
82 5 0
82 6 0
82 7 0
82 8 1
82 9 0
82 10 1
82 11 1
82 12 0
82 13 1
82 14 0
82 15 1
82 16 1
82 17 0
82 18 0
82 19 1
82 20 1
82 21 1
82 22 1
82 23 0
82 24 1
82 25 1
82 26 1
82 27 0
82 28 1
82 29 0
82 30 1
82 31 1
82 32 0
82 33 1
82 34 1
82 35 0
82 36 0
82 37 0
82 38 1
82 39 1
82 40 1
82 41 0
82 42 1
82 43 1
82 44 1
82 45 0
82 46 1
82 47 0
82 48 0
82 49 1
82 50 0
83 1 1
83 2 1
83 3 1
83 4 0
83 5 1
83 6 1
83 7 1
83 8 0
83 9 1
83 10 1
83 11 1
83 12 1
83 13 0
83 14 1
83 15 0
83 16 0
83 17 0
83 18 0
83 19 1
83 20 0
83 21 1
83 22 1
83 23 0
83 24 1
83 25 1
83 26 0
83 27 1
83 28 1
83 29 0
83 30 0
83 31 0
83 32 1
83 33 0
83 34 0
83 35 1
83 36 1
83 37 1
83 38 0
83 39 0
83 40 0
83 41 0
83 42 1
83 43 0
83 44 0
83 45 0
83 46 0
83 47 0
83 48 1
83 49 1
83 50 1
84 1 0
84 2 0
84 3 0
84 4 1
84 5 0
84 6 0
84 7 1
84 8 1
84 9 1
84 10 1
84 11 1
84 12 1
84 13 0
84 14 1
84 15 1
84 16 0
84 17 0
84 18 1
84 19 1
84 20 1
84 21 0
84 22 0
84 23 0
84 24 1
84 25 1
84 26 0
84 27 0
84 28 0
84 29 1
84 30 1
84 31 0
84 32 0
84 33 0
84 34 0
84 35 1
84 36 0
84 37 1
84 38 0
84 39 1
84 40 1
84 41 0
84 42 1
84 43 1
84 44 0
84 45 0
84 46 1
84 47 1
84 48 1
84 49 0
84 50 0
85 1 0
85 2 0
85 3 1
85 4 0
85 5 0
85 6 0
85 7 1
85 8 0
85 9 0
85 10 0
85 11 1
85 12 1
85 13 1
85 14 1
85 15 1
85 16 1
85 17 1
85 18 1
85 19 1
85 20 1
85 21 1
85 22 0
85 23 0
85 24 0
85 25 0
85 26 0
85 27 0
85 28 0
85 29 1
85 30 1
85 31 1
85 32 0
85 33 1
85 34 0
85 35 0
85 36 0
85 37 0
85 38 1
85 39 1
85 40 1
85 41 1
85 42 0
85 43 0
85 44 0
85 45 0
85 46 1
85 47 1
85 48 1
85 49 0
85 50 0
86 1 1
86 2 0
86 3 1
86 4 1
86 5 0
86 6 1
86 7 1
86 8 0
86 9 0
86 10 1
86 11 1
86 12 1
86 13 1
86 14 1
86 15 1
86 16 0
86 17 0
86 18 0
86 19 0
86 20 0
86 21 0
86 22 1
86 23 1
86 24 0
86 25 0
86 26 1
86 27 1
86 28 1
86 29 0
86 30 0
86 31 0
86 32 1
86 33 0
86 34 0
86 35 1
86 36 0
86 37 0
86 38 0
86 39 1
86 40 0
86 41 1
86 42 0
86 43 1
86 44 1
86 45 0
86 46 0
86 47 1
86 48 1
86 49 1
86 50 1
87 1 1
87 2 0
87 3 1
87 4 1
87 5 0
87 6 1
87 7 1
87 8 1
87 9 1
87 10 1
87 11 1
87 12 0
87 13 0
87 14 0
87 15 0
87 16 0
87 17 1
87 18 1
87 19 1
87 20 0
87 21 0
87 22 0
87 23 1
87 24 1
87 25 0
87 26 1
87 27 1
87 28 1
87 29 0
87 30 0
87 31 0
87 32 0
87 33 1
87 34 0
87 35 0
87 36 0
87 37 1
87 38 1
87 39 0
87 40 1
87 41 0
87 42 0
87 43 0
87 44 1
87 45 0
87 46 0
87 47 1
87 48 0
87 49 0
87 50 0
88 1 0
88 2 1
88 3 0
88 4 0
88 5 0
88 6 1
88 7 0
88 8 0
88 9 1
88 10 0
88 11 0
88 12 1
88 13 0
88 14 0
88 15 0
88 16 0
88 17 1
88 18 1
88 19 1
88 20 0
88 21 0
88 22 0
88 23 0
88 24 0
88 25 0
88 26 0
88 27 1
88 28 0
88 29 0
88 30 0
88 31 1
88 32 1
88 33 0
88 34 0
88 35 0
88 36 0
88 37 0
88 38 1
88 39 0
88 40 0
88 41 1
88 42 0
88 43 1
88 44 1
88 45 1
88 46 0
88 47 0
88 48 1
88 49 1
88 50 0
89 1 0
89 2 1
89 3 1
89 4 0
89 5 1
89 6 1
89 7 0
89 8 0
89 9 1
89 10 0
89 11 1
89 12 1
89 13 0
89 14 1
89 15 1
89 16 1
89 17 1
89 18 1
89 19 0
89 20 0
89 21 0
89 22 0
89 23 1
89 24 1
89 25 0
89 26 1
89 27 0
89 28 0
89 29 1
89 30 1
89 31 0
89 32 0
89 33 1
89 34 1
89 35 1
89 36 1
89 37 1
89 38 0
89 39 1
89 40 1
89 41 1
89 42 0
89 43 0
89 44 0
89 45 1
89 46 0
89 47 0
89 48 0
89 49 1
89 50 0
90 1 0
90 2 0
90 3 1
90 4 0
90 5 1
90 6 0
90 7 1
90 8 0
90 9 0
90 10 0
90 11 0
90 12 0
90 13 0
90 14 0
90 15 1
90 16 1
90 17 1
90 18 0
90 19 1
90 20 0
90 21 1
90 22 0
90 23 1
90 24 1
90 25 0
90 26 1
90 27 1
90 28 0
90 29 1
90 30 1
90 31 0
90 32 0
90 33 0
90 34 1
90 35 1
90 36 0
90 37 1
90 38 1
90 39 0
90 40 1
90 41 0
90 42 1
90 43 0
90 44 1
90 45 0
90 46 0
90 47 0
90 48 0
90 49 1
90 50 1
91 1 1
91 2 0
91 3 0
91 4 0
91 5 0
91 6 0
91 7 1
91 8 0
91 9 0
91 10 1
91 11 0
91 12 1
91 13 1
91 14 1
91 15 0
91 16 0
91 17 1
91 18 0
91 19 0
91 20 0
91 21 0
91 22 1
91 23 0
91 24 1
91 25 1
91 26 0
91 27 0
91 28 1
91 29 1
91 30 0
91 31 1
91 32 1
91 33 0
91 34 1
91 35 1
91 36 1
91 37 1
91 38 1
91 39 1
91 40 1
91 41 0
91 42 1
91 43 0
91 44 0
91 45 0
91 46 1
91 47 0
91 48 1
91 49 1
91 50 0
92 1 1
92 2 1
92 3 0
92 4 0
92 5 1
92 6 0
92 7 1
92 8 0
92 9 1
92 10 0
92 11 1
92 12 0
92 13 0
92 14 0
92 15 0
92 16 0
92 17 0
92 18 1
92 19 1
92 20 0
92 21 0
92 22 0
92 23 1
92 24 0
92 25 0
92 26 0
92 27 1
92 28 0
92 29 1
92 30 1
92 31 1
92 32 0
92 33 1
92 34 0
92 35 1
92 36 1
92 37 1
92 38 0
92 39 0
92 40 0
92 41 0
92 42 1
92 43 0
92 44 0
92 45 0
92 46 0
92 47 0
92 48 0
92 49 1
92 50 0
93 1 1
93 2 0
93 3 1
93 4 1
93 5 0
93 6 1
93 7 0
93 8 1
93 9 1
93 10 0
93 11 0
93 12 0
93 13 1
93 14 1
93 15 0
93 16 0
93 17 1
93 18 0
93 19 0
93 20 1
93 21 1
93 22 0
93 23 0
93 24 0
93 25 0
93 26 0
93 27 0
93 28 1
93 29 1
93 30 1
93 31 1
93 32 1
93 33 0
93 34 1
93 35 1
93 36 1
93 37 0
93 38 0
93 39 1
93 40 0
93 41 1
93 42 1
93 43 1
93 44 1
93 45 1
93 46 1
93 47 0
93 48 1
93 49 0
93 50 0
94 1 1
94 2 0
94 3 0
94 4 1
94 5 1
94 6 0
94 7 0
94 8 0
94 9 0
94 10 1
94 11 1
94 12 1
94 13 1
94 14 0
94 15 0
94 16 0
94 17 0
94 18 1
94 19 0
94 20 1
94 21 0
94 22 1
94 23 0
94 24 1
94 25 1
94 26 0
94 27 0
94 28 0
94 29 0
94 30 0
94 31 0
94 32 1
94 33 1
94 34 0
94 35 1
94 36 0
94 37 1
94 38 0
94 39 1
94 40 1
94 41 1
94 42 0
94 43 0
94 44 0
94 45 1
94 46 1
94 47 0
94 48 1
94 49 1
94 50 0
95 1 1
95 2 0
95 3 0
95 4 1
95 5 0
95 6 1
95 7 1
95 8 1
95 9 0
95 10 0
95 11 0
95 12 0
95 13 0
95 14 1
95 15 0
95 16 0
95 17 1
95 18 1
95 19 1
95 20 0
95 21 1
95 22 1
95 23 1
95 24 0
95 25 1
95 26 1
95 27 0
95 28 0
95 29 1
95 30 1
95 31 1
95 32 1
95 33 0
95 34 1
95 35 1
95 36 0
95 37 1
95 38 1
95 39 1
95 40 1
95 41 1
95 42 0
95 43 0
95 44 0
95 45 1
95 46 1
95 47 1
95 48 1
95 49 0
95 50 0
96 1 0
96 2 0
96 3 1
96 4 1
96 5 0
96 6 0
96 7 0
96 8 1
96 9 0
96 10 1
96 11 0
96 12 1
96 13 0
96 14 1
96 15 1
96 16 0
96 17 1
96 18 1
96 19 0
96 20 1
96 21 0
96 22 1
96 23 1
96 24 0
96 25 0
96 26 0
96 27 1
96 28 1
96 29 0
96 30 1
96 31 1
96 32 1
96 33 0
96 34 1
96 35 1
96 36 1
96 37 0
96 38 1
96 39 1
96 40 1
96 41 0
96 42 0
96 43 0
96 44 1
96 45 0
96 46 0
96 47 1
96 48 0
96 49 0
96 50 1
97 1 0
97 2 1
97 3 0
97 4 0
97 5 0
97 6 1
97 7 1
97 8 0
97 9 1
97 10 0
97 11 0
97 12 0
97 13 0
97 14 1
97 15 0
97 16 1
97 17 1
97 18 0
97 19 0
97 20 1
97 21 0
97 22 1
97 23 0
97 24 1
97 25 0
97 26 1
97 27 0
97 28 1
97 29 0
97 30 1
97 31 0
97 32 1
97 33 0
97 34 1
97 35 1
97 36 0
97 37 1
97 38 0
97 39 1
97 40 0
97 41 1
97 42 1
97 43 1
97 44 1
97 45 1
97 46 1
97 47 1
97 48 0
97 49 0
97 50 0
98 1 1
98 2 0
98 3 1
98 4 1
98 5 0
98 6 1
98 7 1
98 8 0
98 9 0
98 10 0
98 11 1
98 12 1
98 13 0
98 14 0
98 15 1
98 16 0
98 17 1
98 18 0
98 19 0
98 20 1
98 21 0
98 22 1
98 23 1
98 24 0
98 25 1
98 26 1
98 27 1
98 28 1
98 29 0
98 30 1
98 31 0
98 32 1
98 33 1
98 34 0
98 35 0
98 36 0
98 37 0
98 38 1
98 39 1
98 40 0
98 41 0
98 42 0
98 43 1
98 44 0
98 45 1
98 46 1
98 47 1
98 48 1
98 49 0
98 50 0
99 1 1
99 2 0
99 3 1
99 4 0
99 5 1
99 6 1
99 7 1
99 8 1
99 9 1
99 10 0
99 11 0
99 12 1
99 13 0
99 14 0
99 15 1
99 16 0
99 17 0
99 18 0
99 19 0
99 20 1
99 21 1
99 22 1
99 23 1
99 24 1
99 25 1
99 26 1
99 27 1
99 28 0
99 29 1
99 30 1
99 31 0
99 32 1
99 33 0
99 34 1
99 35 1
99 36 1
99 37 0
99 38 0
99 39 0
99 40 0
99 41 0
99 42 0
99 43 1
99 44 0
99 45 1
99 46 1
99 47 0
99 48 0
99 49 0
99 50 0
100 1 0
100 2 0
100 3 1
100 4 1
100 5 0
100 6 0
100 7 1
100 8 1
100 9 0
100 10 0
100 11 0
100 12 1
100 13 0
100 14 1
100 15 0
100 16 1
100 17 0
100 18 1
100 19 1
100 20 0
100 21 1
100 22 0
100 23 1
100 24 0
100 25 0
100 26 0
100 27 1
100 28 0
100 29 1
100 30 1
100 31 0
100 32 0
100 33 0
100 34 1
100 35 0
100 36 1
100 37 1
100 38 0
100 39 1
100 40 0
100 41 0
100 42 1
100 43 1
100 44 0
100 45 1
100 46 1
100 47 1
100 48 1
100 49 0
100 50 1