77 25
68 27
100 50
1 1 0
1 2 1
1 3 0
1 4 1
1 5 0
1 6 1
1 7 0
1 8 0
1 9 0
1 10 1
1 11 0
1 12 1
1 13 0
1 14 1
1 15 0
1 16 0
1 17 1
1 18 1
1 19 1
1 20 0
1 21 0
1 22 0
1 23 1
1 24 0
1 25 1
1 26 0
1 27 0
1 28 1
1 29 1
1 30 0
1 31 1
1 32 0
1 33 1
1 34 1
1 35 1
1 36 0
1 37 0
1 38 0
1 39 0
1 40 1
1 41 0
1 42 0
1 43 1
1 44 0
1 45 1
1 46 0
1 47 0
1 48 0
1 49 1
1 50 1
2 1 0
2 2 1
2 3 0
2 4 1
2 5 0
2 6 0
2 7 0
2 8 1
2 9 0
2 10 1
2 11 0
2 12 0
2 13 1
2 14 1
2 15 0
2 16 1
2 17 1
2 18 1
2 19 1
2 20 1
2 21 1
2 22 1
2 23 1
2 24 1
2 25 1
2 26 0
2 27 0
2 28 0
2 29 0
2 30 1
2 31 1
2 32 1
2 33 0
2 34 1
2 35 1
2 36 1
2 37 1
2 38 0
2 39 0
2 40 0
2 41 1
2 42 0
2 43 0
2 44 1
2 45 0
2 46 0
2 47 1
2 48 1
2 49 0
2 50 0
3 1 1
3 2 0
3 3 0
3 4 1
3 5 1
3 6 1
3 7 1
3 8 1
3 9 0
3 10 1
3 11 0
3 12 1
3 13 0
3 14 1
3 15 1
3 16 0
3 17 1
3 18 0
3 19 0
3 20 1
3 21 1
3 22 0
3 23 1
3 24 1
3 25 1
3 26 0
3 27 1
3 28 1
3 29 1
3 30 1
3 31 0
3 32 1
3 33 1
3 34 1
3 35 1
3 36 1
3 37 1
3 38 0
3 39 0
3 40 0
3 41 0
3 42 1
3 43 0
3 44 1
3 45 1
3 46 1
3 47 1
3 48 1
3 49 0
3 50 1
4 1 1
4 2 1
4 3 0
4 4 0
4 5 0
4 6 1
4 7 0
4 8 1
4 9 0
4 10 1
4 11 0
4 12 0
4 13 0
4 14 0
4 15 1
4 16 0
4 17 0
4 18 0
4 19 1
4 20 0
4 21 0
4 22 1
4 23 0
4 24 1
4 25 1
4 26 1
4 27 1
4 28 0
4 29 1
4 30 1
4 31 1
4 32 0
4 33 0
4 34 1
4 35 0
4 36 0
4 37 0
4 38 0
4 39 0
4 40 1
4 41 1
4 42 0
4 43 0
4 44 1
4 45 0
4 46 1
4 47 0
4 48 1
4 49 1
4 50 0
5 1 0
5 2 1
5 3 0
5 4 1
5 5 1
5 6 1
5 7 0
5 8 1
5 9 1
5 10 1
5 11 1
5 12 1
5 13 0
5 14 0
5 15 0
5 16 0
5 17 0
5 18 0
5 19 1
5 20 0
5 21 0
5 22 0
5 23 0
5 24 0
5 25 0
5 26 0
5 27 1
5 28 1
5 29 1
5 30 0
5 31 1
5 32 0
5 33 0
5 34 0
5 35 0
5 36 0
5 37 1
5 38 0
5 39 0
5 40 1
5 41 1
5 42 0
5 43 1
5 44 1
5 45 1
5 46 0
5 47 1
5 48 0
5 49 1
5 50 0
6 1 1
6 2 0
6 3 1
6 4 0
6 5 1
6 6 0
6 7 1
6 8 1
6 9 1
6 10 0
6 11 1
6 12 0
6 13 0
6 14 0
6 15 1
6 16 0
6 17 0
6 18 0
6 19 0
6 20 0
6 21 0
6 22 1
6 23 0
6 24 1
6 25 1
6 26 0
6 27 1
6 28 1
6 29 0
6 30 1
6 31 0
6 32 0
6 33 0
6 34 1
6 35 1
6 36 0
6 37 1
6 38 1
6 39 1
6 40 0
6 41 0
6 42 1
6 43 1
6 44 0
6 45 0
6 46 1
6 47 1
6 48 0
6 49 1
6 50 0
7 1 0
7 2 1
7 3 1
7 4 1
7 5 1
7 6 0
7 7 1
7 8 1
7 9 1
7 10 0
7 11 1
7 12 1
7 13 0
7 14 1
7 15 0
7 16 1
7 17 0
7 18 1
7 19 0
7 20 1
7 21 0
7 22 0
7 23 1
7 24 0
7 25 0
7 26 0
7 27 0
7 28 1
7 29 1
7 30 1
7 31 1
7 32 1
7 33 0
7 34 0
7 35 1
7 36 1
7 37 0
7 38 0
7 39 0
7 40 1
7 41 1
7 42 0
7 43 0
7 44 0
7 45 0
7 46 1
7 47 0
7 48 0
7 49 0
7 50 0
8 1 1
8 2 1
8 3 0
8 4 1
8 5 1
8 6 1
8 7 0
8 8 0
8 9 0
8 10 0
8 11 0
8 12 1
8 13 1
8 14 1
8 15 0
8 16 1
8 17 0
8 18 0
8 19 0
8 20 0
8 21 1
8 22 0
8 23 0
8 24 1
8 25 0
8 26 0
8 27 1
8 28 1
8 29 0
8 30 0
8 31 0
8 32 0
8 33 0
8 34 0
8 35 1
8 36 0
8 37 1
8 38 1
8 39 0
8 40 1
8 41 1
8 42 1
8 43 0
8 44 1
8 45 0
8 46 1
8 47 1
8 48 0
8 49 0
8 50 1
9 1 0
9 2 0
9 3 1
9 4 1
9 5 1
9 6 0
9 7 1
9 8 0
9 9 1
9 10 1
9 11 0
9 12 0
9 13 1
9 14 1
9 15 0
9 16 1
9 17 0
9 18 1
9 19 1
9 20 0
9 21 0
9 22 1
9 23 0
9 24 0
9 25 1
9 26 0
9 27 0
9 28 0
9 29 0
9 30 0
9 31 0
9 32 1
9 33 0
9 34 1
9 35 0
9 36 1
9 37 0
9 38 1
9 39 1
9 40 0
9 41 1
9 42 0
9 43 0
9 44 1
9 45 1
9 46 1
9 47 0
9 48 1
9 49 1
9 50 0
10 1 1
10 2 0
10 3 0
10 4 1
10 5 0
10 6 1
10 7 0
10 8 1
10 9 1
10 10 1
10 11 1
10 12 1
10 13 1
10 14 0
10 15 1
10 16 0
10 17 0
10 18 0
10 19 1
10 20 0
10 21 0
10 22 0
10 23 0
10 24 0
10 25 1
10 26 0
10 27 0
10 28 0
10 29 0
10 30 1
10 31 0
10 32 1
10 33 1
10 34 1
10 35 0
10 36 1
10 37 0
10 38 0
10 39 0
10 40 0
10 41 0
10 42 1
10 43 1
10 44 0
10 45 0
10 46 1
10 47 1
10 48 1
10 49 1
10 50 0
11 1 0
11 2 1
11 3 0
11 4 1
11 5 0
11 6 1
11 7 1
11 8 1
11 9 1
11 10 0
11 11 1
11 12 1
11 13 1
11 14 0
11 15 0
11 16 1
11 17 0
11 18 1
11 19 1
11 20 1
11 21 0
11 22 0
11 23 1
11 24 1
11 25 0
11 26 1
11 27 0
11 28 1
11 29 1
11 30 0
11 31 0
11 32 0
11 33 1
11 34 0
11 35 0
11 36 0
11 37 0
11 38 0
11 39 1
11 40 0
11 41 0
11 42 0
11 43 1
11 44 0
11 45 1
11 46 0
11 47 1
11 48 0
11 49 1
11 50 0
12 1 1
12 2 1
12 3 0
12 4 0
12 5 1
12 6 1
12 7 1
12 8 1
12 9 1
12 10 0
12 11 0
12 12 0
12 13 0
12 14 1
12 15 1
12 16 0
12 17 0
12 18 1
12 19 1
12 20 1
12 21 1
12 22 1
12 23 1
12 24 0
12 25 1
12 26 1
12 27 0
12 28 1
12 29 0
12 30 0
12 31 0
12 32 0
12 33 0
12 34 1
12 35 0
12 36 0
12 37 1
12 38 0
12 39 0
12 40 0
12 41 1
12 42 0
12 43 1
12 44 0
12 45 1
12 46 0
12 47 1
12 48 0
12 49 0
12 50 0
13 1 0
13 2 0
13 3 0
13 4 0
13 5 0
13 6 0
13 7 1
13 8 1
13 9 0
13 10 0
13 11 1
13 12 0
13 13 0
13 14 1
13 15 0
13 16 1
13 17 1
13 18 0
13 19 1
13 20 0
13 21 0
13 22 0
13 23 0
13 24 1
13 25 1
13 26 1
13 27 0
13 28 0
13 29 0
13 30 0
13 31 1
13 32 0
13 33 1
13 34 1
13 35 0
13 36 0
13 37 0
13 38 1
13 39 1
13 40 1
13 41 0
13 42 1
13 43 0
13 44 0
13 45 1
13 46 1
13 47 0
13 48 0
13 49 0
13 50 0
14 1 1
14 2 1
14 3 1
14 4 0
14 5 1
14 6 0
14 7 0
14 8 0
14 9 1
14 10 0
14 11 0
14 12 1
14 13 1
14 14 1
14 15 0
14 16 1
14 17 0
14 18 1
14 19 1
14 20 0
14 21 0
14 22 0
14 23 1
14 24 0
14 25 0
14 26 1
14 27 0
14 28 0
14 29 1
14 30 1
14 31 1
14 32 1
14 33 1
14 34 0
14 35 0
14 36 1
14 37 1
14 38 1
14 39 1
14 40 1
14 41 0
14 42 0
14 43 1
14 44 1
14 45 0
14 46 1
14 47 0
14 48 1
14 49 1
14 50 0
15 1 0
15 2 1
15 3 1
15 4 1
15 5 1
15 6 1
15 7 0
15 8 1
15 9 1
15 10 0
15 11 1
15 12 0
15 13 0
15 14 0
15 15 0
15 16 0
15 17 0
15 18 1
15 19 0
15 20 0
15 21 1
15 22 0
15 23 0
15 24 1
15 25 0
15 26 1
15 27 1
15 28 1
15 29 1
15 30 1
15 31 0
15 32 0
15 33 1
15 34 1
15 35 0
15 36 0
15 37 0
15 38 0
15 39 1
15 40 0
15 41 0
15 42 1
15 43 0
15 44 0
15 45 0
15 46 1
15 47 0
15 48 0
15 49 1
15 50 0
16 1 1
16 2 0
16 3 0
16 4 1
16 5 0
16 6 0
16 7 0
16 8 1
16 9 0
16 10 1
16 11 1
16 12 0
16 13 0
16 14 1
16 15 1
16 16 1
16 17 1
16 18 1
16 19 0
16 20 1
16 21 1
16 22 0
16 23 0
16 24 0
16 25 0
16 26 1
16 27 1
16 28 1
16 29 1
16 30 1
16 31 1
16 32 1
16 33 1
16 34 1
16 35 0
16 36 1
16 37 1
16 38 1
16 39 1
16 40 1
16 41 0
16 42 0
16 43 1
16 44 1
16 45 0
16 46 0
16 47 1
16 48 1
16 49 0
16 50 1
17 1 1
17 2 0
17 3 1
17 4 0
17 5 1
17 6 0
17 7 1
17 8 0
17 9 1
17 10 1
17 11 0
17 12 1
17 13 1
17 14 1
17 15 0
17 16 0
17 17 0
17 18 0
17 19 0
17 20 1
17 21 1
17 22 1
17 23 1
17 24 1
17 25 0
17 26 1
17 27 1
17 28 1
17 29 1
17 30 0
17 31 0
17 32 0
17 33 0
17 34 0
17 35 0
17 36 1
17 37 1
17 38 1
17 39 0
17 40 0
17 41 0
17 42 1
17 43 1
17 44 0
17 45 0
17 46 0
17 47 1
17 48 1
17 49 0
17 50 0
18 1 0
18 2 1
18 3 0
18 4 0
18 5 0
18 6 0
18 7 0
18 8 1
18 9 0
18 10 0
18 11 0
18 12 1
18 13 0
18 14 1
18 15 0
18 16 1
18 17 1
18 18 0
18 19 1
18 20 1
18 21 0
18 22 1
18 23 0
18 24 1
18 25 1
18 26 0
18 27 0
18 28 1
18 29 0
18 30 1
18 31 0
18 32 0
18 33 1
18 34 0
18 35 1
18 36 1
18 37 0
18 38 0
18 39 1
18 40 1
18 41 0
18 42 1
18 43 1
18 44 1
18 45 0
18 46 1
18 47 1
18 48 1
18 49 0
18 50 1
19 1 0
19 2 0
19 3 1
19 4 0
19 5 0
19 6 0
19 7 1
19 8 1
19 9 1
19 10 0
19 11 0
19 12 0
19 13 1
19 14 1
19 15 0
19 16 1
19 17 1
19 18 0
19 19 0
19 20 0
19 21 1
19 22 1
19 23 0
19 24 1
19 25 0
19 26 1
19 27 0
19 28 1
19 29 0
19 30 0
19 31 1
19 32 1
19 33 0
19 34 0
19 35 0
19 36 0
19 37 0
19 38 0
19 39 0
19 40 1
19 41 0
19 42 0
19 43 1
19 44 0
19 45 0
19 46 0
19 47 0
19 48 0
19 49 1
19 50 1
20 1 0
20 2 0
20 3 1
20 4 1
20 5 0
20 6 0
20 7 1
20 8 0
20 9 0
20 10 0
20 11 1
20 12 0
20 13 1
20 14 0
20 15 1
20 16 1
20 17 0
20 18 1
20 19 1
20 20 0
20 21 1
20 22 0
20 23 1
20 24 0
20 25 0
20 26 1
20 27 1
20 28 1
20 29 0
20 30 0
20 31 1
20 32 1
20 33 1
20 34 0
20 35 0
20 36 0
20 37 0
20 38 1
20 39 0
20 40 0
20 41 0
20 42 1
20 43 1
20 44 0
20 45 1
20 46 0
20 47 0
20 48 1
20 49 0
20 50 1
21 1 0
21 2 0
21 3 1
21 4 1
21 5 0
21 6 1
21 7 1
21 8 1
21 9 0
21 10 1
21 11 0
21 12 1
21 13 0
21 14 0
21 15 0
21 16 1
21 17 0
21 18 1
21 19 1
21 20 0
21 21 1
21 22 1
21 23 0
21 24 1
21 25 1
21 26 1
21 27 1
21 28 0
21 29 0
21 30 0
21 31 1
21 32 0
21 33 1
21 34 0
21 35 1
21 36 1
21 37 1
21 38 1
21 39 1
21 40 0
21 41 1
21 42 0
21 43 1
21 44 1
21 45 0
21 46 0
21 47 1
21 48 0
21 49 1
21 50 1
22 1 1
22 2 1
22 3 1
22 4 0
22 5 1
22 6 0
22 7 0
22 8 1
22 9 0
22 10 1
22 11 0
22 12 1
22 13 0
22 14 0
22 15 1
22 16 0
22 17 1
22 18 1
22 19 1
22 20 1
22 21 1
22 22 1
22 23 1
22 24 1
22 25 0
22 26 1
22 27 0
22 28 1
22 29 1
22 30 1
22 31 0
22 32 1
22 33 0
22 34 0
22 35 1
22 36 1
22 37 0
22 38 0
22 39 0
22 40 1
22 41 0
22 42 0
22 43 1
22 44 0
22 45 0
22 46 0
22 47 1
22 48 1
22 49 1
22 50 1
23 1 1
23 2 0
23 3 0
23 4 0
23 5 0
23 6 0
23 7 1
23 8 1
23 9 1
23 10 1
23 11 1
23 12 0
23 13 0
23 14 0
23 15 1
23 16 0
23 17 1
23 18 1
23 19 1
23 20 1
23 21 0
23 22 1
23 23 1
23 24 0
23 25 0
23 26 0
23 27 1
23 28 0
23 29 0
23 30 0
23 31 1
23 32 0
23 33 1
23 34 0
23 35 1
23 36 0
23 37 0
23 38 1
23 39 0
23 40 1
23 41 0
23 42 0
23 43 1
23 44 0
23 45 1
23 46 0
23 47 1
23 48 1
23 49 0
23 50 1
24 1 1
24 2 1
24 3 1
24 4 0
24 5 0
24 6 0
24 7 1
24 8 1
24 9 0
24 10 0
24 11 0
24 12 0
24 13 1
24 14 1
24 15 0
24 16 0
24 17 0
24 18 0
24 19 1
24 20 0
24 21 0
24 22 1
24 23 1
24 24 1
24 25 0
24 26 1
24 27 0
24 28 0
24 29 0
24 30 0
24 31 1
24 32 0
24 33 0
24 34 0
24 35 0
24 36 1
24 37 1
24 38 0
24 39 0
24 40 0
24 41 1
24 42 1
24 43 1
24 44 1
24 45 1
24 46 1
24 47 0
24 48 0
24 49 0
24 50 1
25 1 0
25 2 1
25 3 0
25 4 0
25 5 1
25 6 0
25 7 0
25 8 0
25 9 0
25 10 0
25 11 1
25 12 0
25 13 0
25 14 0
25 15 1
25 16 0
25 17 1
25 18 0
25 19 0
25 20 0
25 21 0
25 22 0
25 23 1
25 24 1
25 25 0
25 26 1
25 27 0
25 28 1
25 29 0
25 30 1
25 31 1
25 32 1
25 33 1
25 34 1
25 35 1
25 36 1
25 37 0
25 38 0
25 39 0
25 40 0
25 41 0
25 42 1
25 43 1
25 44 0
25 45 1
25 46 1
25 47 1
25 48 1
25 49 1
25 50 0
26 1 0
26 2 0
26 3 1
26 4 1
26 5 0
26 6 0
26 7 0
26 8 0
26 9 0
26 10 1
26 11 1
26 12 1
26 13 0
26 14 1
26 15 0
26 16 1
26 17 1
26 18 1
26 19 0
26 20 1
26 21 1
26 22 1
26 23 1
26 24 1
26 25 1
26 26 0
26 27 1
26 28 1
26 29 1
26 30 1
26 31 0
26 32 0
26 33 0
26 34 1
26 35 0
26 36 1
26 37 1
26 38 1
26 39 1
26 40 1
26 41 1
26 42 0
26 43 1
26 44 0
26 45 0
26 46 1
26 47 0
26 48 1
26 49 0
26 50 1
27 1 1
27 2 1
27 3 1
27 4 1
27 5 0
27 6 0
27 7 1
27 8 1
27 9 1
27 10 1
27 11 1
27 12 0
27 13 1
27 14 0
27 15 1
27 16 1
27 17 0
27 18 1
27 19 1
27 20 0
27 21 0
27 22 0
27 23 0
27 24 0
27 25 0
27 26 1
27 27 1
27 28 1
27 29 1
27 30 1
27 31 0
27 32 0
27 33 0
27 34 0
27 35 1
27 36 0
27 37 0
27 38 1
27 39 0
27 40 0
27 41 1
27 42 0
27 43 1
27 44 1
27 45 1
27 46 1
27 47 0
27 48 1
27 49 0
27 50 0
28 1 0
28 2 0
28 3 1
28 4 0
28 5 1
28 6 0
28 7 1
28 8 1
28 9 1
28 10 0
28 11 1
28 12 1
28 13 0
28 14 1
28 15 1
28 16 1
28 17 0
28 18 1
28 19 0
28 20 1
28 21 0
28 22 1
28 23 0
28 24 1
28 25 1
28 26 0
28 27 1
28 28 0
28 29 0
28 30 1
28 31 1
28 32 1
28 33 0
28 34 1
28 35 1
28 36 1
28 37 1
28 38 1
28 39 1
28 40 0
28 41 1
28 42 1
28 43 0
28 44 0
28 45 0
28 46 1
28 47 1
28 48 1
28 49 0
28 50 1
29 1 0
29 2 1
29 3 1
29 4 0
29 5 0
29 6 0
29 7 0
29 8 0
29 9 1
29 10 0
29 11 1
29 12 0
29 13 1
29 14 0
29 15 1
29 16 0
29 17 1
29 18 0
29 19 0
29 20 0
29 21 1
29 22 1
29 23 0
29 24 1
29 25 1
29 26 1
29 27 1
29 28 1
29 29 0
29 30 1
29 31 0
29 32 0
29 33 1
29 34 1
29 35 1
29 36 0
29 37 1
29 38 0
29 39 1
29 40 1
29 41 1
29 42 1
29 43 0
29 44 1
29 45 0
29 46 1
29 47 1
29 48 0
29 49 1
29 50 0
30 1 1
30 2 0
30 3 0
30 4 1
30 5 0
30 6 0
30 7 1
30 8 0
30 9 1
30 10 1
30 11 0
30 12 1
30 13 1
30 14 1
30 15 0
30 16 0
30 17 1
30 18 0
30 19 0
30 20 0
30 21 0
30 22 0
30 23 0
30 24 0
30 25 0
30 26 1
30 27 0
30 28 0
30 29 0
30 30 1
30 31 1
30 32 1
30 33 1
30 34 0
30 35 0
30 36 0
30 37 1
30 38 0
30 39 0
30 40 1
30 41 0
30 42 1
30 43 0
30 44 0
30 45 1
30 46 1
30 47 1
30 48 0
30 49 1
30 50 1
31 1 0
31 2 0
31 3 0
31 4 0
31 5 0
31 6 0
31 7 0
31 8 1
31 9 0
31 10 0
31 11 0
31 12 1
31 13 0
31 14 0
31 15 0
31 16 1
31 17 0
31 18 0
31 19 0
31 20 0
31 21 0
31 22 0
31 23 1
31 24 0
31 25 1
31 26 1
31 27 0
31 28 0
31 29 1
31 30 0
31 31 1
31 32 0
31 33 0
31 34 1
31 35 0
31 36 0
31 37 1
31 38 0
31 39 1
31 40 0
31 41 0
31 42 1
31 43 0
31 44 1
31 45 0
31 46 0
31 47 1
31 48 1
31 49 1
31 50 0
32 1 0
32 2 1
32 3 1
32 4 1
32 5 0
32 6 1
32 7 0
32 8 0
32 9 1
32 10 0
32 11 0
32 12 1
32 13 0
32 14 0
32 15 0
32 16 1
32 17 1
32 18 1
32 19 0
32 20 1
32 21 1
32 22 1
32 23 1
32 24 1
32 25 1
32 26 0
32 27 0
32 28 0
32 29 1
32 30 0
32 31 1
32 32 1
32 33 1
32 34 1
32 35 0
32 36 1
32 37 0
32 38 0
32 39 0
32 40 1
32 41 1
32 42 1
32 43 1
32 44 1
32 45 1
32 46 1
32 47 0
32 48 1
32 49 0
32 50 1
33 1 0
33 2 1
33 3 0
33 4 0
33 5 0
33 6 1
33 7 1
33 8 0
33 9 1
33 10 0
33 11 0
33 12 0
33 13 0
33 14 1
33 15 0
33 16 0
33 17 1
33 18 0
33 19 1
33 20 1
33 21 0
33 22 0
33 23 1
33 24 1
33 25 1
33 26 1
33 27 0
33 28 0
33 29 0
33 30 1
33 31 0
33 32 0
33 33 0
33 34 1
33 35 0
33 36 0
33 37 1
33 38 1
33 39 1
33 40 0
33 41 1
33 42 1
33 43 1
33 44 0
33 45 1
33 46 1
33 47 0
33 48 1
33 49 1
33 50 1
34 1 1
34 2 1
34 3 1
34 4 1
34 5 1
34 6 1
34 7 1
34 8 0
34 9 1
34 10 0
34 11 1
34 12 0
34 13 0
34 14 0
34 15 0
34 16 0
34 17 0
34 18 0
34 19 1
34 20 0
34 21 1
34 22 0
34 23 0
34 24 0
34 25 1
34 26 1
34 27 0
34 28 1
34 29 0
34 30 1
34 31 0
34 32 0
34 33 1
34 34 1
34 35 0
34 36 1
34 37 0
34 38 1
34 39 1
34 40 0
34 41 0
34 42 0
34 43 0
34 44 0
34 45 0
34 46 0
34 47 0
34 48 1
34 49 0
34 50 1
35 1 1
35 2 1
35 3 1
35 4 0
35 5 1
35 6 0
35 7 0
35 8 0
35 9 1
35 10 0
35 11 0
35 12 1
35 13 1
35 14 0
35 15 1
35 16 0
35 17 1
35 18 1
35 19 1
35 20 0
35 21 1
35 22 0
35 23 1
35 24 1
35 25 1
35 26 0
35 27 0
35 28 1
35 29 1
35 30 0
35 31 1
35 32 1
35 33 1
35 34 1
35 35 0
35 36 1
35 37 0
35 38 1
35 39 0
35 40 1
35 41 0
35 42 0
35 43 1
35 44 0
35 45 0
35 46 0
35 47 0
35 48 0
35 49 0
35 50 1
36 1 0
36 2 1
36 3 0
36 4 1
36 5 0
36 6 0
36 7 1
36 8 0
36 9 0
36 10 1
36 11 1
36 12 1
36 13 1
36 14 0
36 15 1
36 16 0
36 17 0
36 18 0
36 19 1
36 20 0
36 21 1
36 22 1
36 23 1
36 24 0
36 25 0
36 26 1
36 27 0
36 28 0
36 29 1
36 30 0
36 31 1
36 32 0
36 33 1
36 34 1
36 35 1
36 36 0
36 37 0
36 38 0
36 39 1
36 40 1
36 41 1
36 42 0
36 43 1
36 44 0
36 45 0
36 46 0
36 47 1
36 48 0
36 49 0
36 50 1
37 1 0
37 2 0
37 3 0
37 4 0
37 5 1
37 6 1
37 7 1
37 8 0
37 9 1
37 10 1
37 11 1
37 12 0
37 13 1
37 14 0
37 15 1
37 16 1
37 17 0
37 18 0
37 19 0
37 20 1
37 21 1
37 22 1
37 23 1
37 24 1
37 25 1
37 26 0
37 27 0
37 28 0
37 29 1
37 30 0
37 31 0
37 32 1
37 33 0
37 34 1
37 35 1
37 36 1
37 37 0
37 38 1
37 39 0
37 40 0
37 41 1
37 42 0
37 43 1
37 44 0
37 45 1
37 46 0
37 47 1
37 48 1
37 49 1
37 50 0
38 1 1
38 2 0
38 3 0
38 4 0
38 5 1
38 6 0
38 7 0
38 8 1
38 9 1
38 10 0
38 11 0
38 12 0
38 13 0
38 14 1
38 15 0
38 16 0
38 17 0
38 18 0
38 19 1
38 20 0
38 21 1
38 22 0
38 23 1
38 24 1
38 25 1
38 26 0
38 27 1
38 28 0
38 29 0
38 30 1
38 31 0
38 32 1
38 33 0
38 34 1
38 35 1
38 36 0
38 37 0
38 38 1
38 39 0
38 40 1
38 41 0
38 42 0
38 43 1
38 44 0
38 45 1
38 46 1
38 47 1
38 48 1
38 49 1
38 50 0
39 1 0
39 2 0
39 3 1
39 4 1
39 5 0
39 6 1
39 7 1
39 8 0
39 9 0
39 10 0
39 11 1
39 12 0
39 13 0
39 14 0
39 15 1
39 16 0
39 17 0
39 18 1
39 19 1
39 20 1
39 21 1
39 22 0
39 23 1
39 24 1
39 25 0
39 26 1
39 27 1
39 28 0
39 29 1
39 30 0
39 31 1
39 32 0
39 33 1
39 34 0
39 35 1
39 36 0
39 37 1
39 38 1
39 39 0
39 40 0
39 41 1
39 42 1
39 43 0
39 44 0
39 45 1
39 46 1
39 47 0
39 48 0
39 49 1
39 50 1
40 1 0
40 2 1
40 3 0
40 4 0
40 5 1
40 6 0
40 7 1
40 8 0
40 9 1
40 10 1
40 11 0
40 12 0
40 13 0
40 14 1
40 15 0
40 16 1
40 17 1
40 18 1
40 19 1
40 20 1
40 21 1
40 22 1
40 23 1
40 24 1
40 25 0
40 26 1
40 27 0
40 28 1
40 29 0
40 30 0
40 31 0
40 32 1
40 33 1
40 34 0
40 35 1
40 36 1
40 37 1
40 38 0
40 39 0
40 40 0
40 41 0
40 42 0
40 43 0
40 44 1
40 45 0
40 46 1
40 47 1
40 48 0
40 49 0
40 50 1
41 1 0
41 2 0
41 3 0
41 4 1
41 5 1
41 6 0
41 7 1
41 8 1
41 9 0
41 10 0
41 11 1
41 12 0
41 13 0
41 14 0
41 15 0
41 16 1
41 17 1
41 18 1
41 19 1
41 20 0
41 21 1
41 22 0
41 23 0
41 24 0
41 25 0
41 26 0
41 27 1
41 28 0
41 29 1
41 30 0
41 31 0
41 32 1
41 33 0
41 34 0
41 35 1
41 36 0
41 37 0
41 38 1
41 39 0
41 40 1
41 41 0
41 42 0
41 43 0
41 44 1
41 45 1
41 46 0
41 47 0
41 48 1
41 49 0
41 50 0
42 1 1
42 2 0
42 3 1
42 4 1
42 5 1
42 6 0
42 7 0
42 8 1
42 9 1
42 10 0
42 11 1
42 12 0
42 13 0
42 14 0
42 15 0
42 16 1
42 17 0
42 18 0
42 19 0
42 20 0
42 21 1
42 22 1
42 23 0
42 24 0
42 25 0
42 26 1
42 27 1
42 28 0
42 29 0
42 30 1
42 31 0
42 32 0
42 33 0
42 34 0
42 35 0
42 36 0
42 37 0
42 38 0
42 39 0
42 40 0
42 41 1
42 42 1
42 43 1
42 44 1
42 45 0
42 46 0
42 47 1
42 48 1
42 49 0
42 50 0
43 1 1
43 2 0
43 3 0
43 4 0
43 5 0
43 6 1
43 7 1
43 8 0
43 9 0
43 10 1
43 11 1
43 12 0
43 13 0
43 14 1
43 15 0
43 16 0
43 17 1
43 18 0
43 19 0
43 20 0
43 21 0
43 22 1
43 23 0
43 24 1
43 25 0
43 26 0
43 27 1
43 28 0
43 29 0
43 30 0
43 31 1
43 32 1
43 33 1
43 34 0
43 35 1
43 36 1
43 37 1
43 38 1
43 39 0
43 40 1
43 41 0
43 42 1
43 43 1
43 44 0
43 45 1
43 46 0
43 47 0
43 48 0
43 49 0
43 50 0
44 1 0
44 2 0
44 3 0
44 4 0
44 5 1
44 6 1
44 7 0
44 8 1
44 9 1
44 10 1
44 11 0
44 12 1
44 13 0
44 14 1
44 15 1
44 16 1
44 17 0
44 18 1
44 19 0
44 20 0
44 21 0
44 22 0
44 23 1
44 24 0
44 25 1
44 26 1
44 27 0
44 28 1
44 29 0
44 30 1
44 31 0
44 32 0
44 33 0
44 34 1
44 35 1
44 36 1
44 37 1
44 38 1
44 39 1
44 40 0
44 41 0
44 42 0
44 43 1
44 44 0
44 45 1
44 46 0
44 47 0
44 48 0
44 49 1
44 50 0
45 1 1
45 2 0
45 3 0
45 4 1
45 5 1
45 6 1
45 7 0
45 8 0
45 9 0
45 10 1
45 11 0
45 12 0
45 13 0
45 14 0
45 15 1
45 16 1
45 17 0
45 18 0
45 19 1
45 20 0
45 21 0
45 22 0
45 23 0
45 24 0
45 25 1
45 26 0
45 27 1
45 28 1
45 29 1
45 30 1
45 31 0
45 32 1
45 33 0
45 34 1
45 35 1
45 36 0
45 37 1
45 38 0
45 39 1
45 40 1
45 41 1
45 42 0
45 43 0
45 44 0
45 45 0
45 46 0
45 47 1
45 48 0
45 49 0
45 50 1
46 1 1
46 2 1
46 3 0
46 4 0
46 5 0
46 6 0
46 7 0
46 8 0
46 9 1
46 10 0
46 11 1
46 12 1
46 13 1
46 14 0
46 15 1
46 16 0
46 17 1
46 18 1
46 19 0
46 20 0
46 21 1
46 22 1
46 23 0
46 24 0
46 25 1
46 26 0
46 27 1
46 28 1
46 29 1
46 30 1
46 31 1
46 32 1
46 33 0
46 34 1
46 35 1
46 36 1
46 37 0
46 38 0
46 39 0
46 40 1
46 41 1
46 42 0
46 43 1
46 44 0
46 45 0
46 46 0
46 47 1
46 48 1
46 49 1
46 50 0
47 1 1
47 2 1
47 3 1
47 4 0
47 5 0
47 6 0
47 7 1
47 8 1
47 9 1
47 10 0
47 11 1
47 12 0
47 13 1
47 14 1
47 15 0
47 16 1
47 17 0
47 18 0
47 19 0
47 20 0
47 21 0
47 22 0
47 23 0
47 24 0
47 25 0
47 26 0
47 27 0
47 28 0
47 29 1
47 30 0
47 31 1
47 32 1
47 33 0
47 34 0
47 35 0
47 36 1
47 37 0
47 38 0
47 39 1
47 40 0
47 41 0
47 42 1
47 43 1
47 44 0
47 45 0
47 46 1
47 47 1
47 48 0
47 49 0
47 50 0
48 1 1
48 2 0
48 3 1
48 4 1
48 5 0
48 6 0
48 7 1
48 8 1
48 9 0
48 10 1
48 11 0
48 12 1
48 13 0
48 14 1
48 15 1
48 16 0
48 17 0
48 18 1
48 19 0
48 20 0
48 21 0
48 22 0
48 23 0
48 24 0
48 25 1
48 26 1
48 27 1
48 28 1
48 29 1
48 30 1
48 31 0
48 32 1
48 33 0
48 34 1
48 35 0
48 36 0
48 37 1
48 38 0
48 39 1
48 40 0
48 41 0
48 42 1
48 43 0
48 44 0
48 45 1
48 46 1
48 47 0
48 48 1
48 49 0
48 50 1
49 1 0
49 2 1
49 3 0
49 4 1
49 5 0
49 6 1
49 7 1
49 8 0
49 9 0
49 10 1
49 11 1
49 12 1
49 13 0
49 14 1
49 15 0
49 16 1
49 17 0
49 18 0
49 19 0
49 20 1
49 21 1
49 22 0
49 23 1
49 24 1
49 25 1
49 26 1
49 27 0
49 28 0
49 29 1
49 30 0
49 31 0
49 32 1
49 33 1
49 34 1
49 35 0
49 36 0
49 37 1
49 38 1
49 39 0
49 40 1
49 41 0
49 42 1
49 43 0
49 44 0
49 45 1
49 46 0
49 47 1
49 48 1
49 49 0
49 50 0
50 1 1
50 2 1
50 3 0
50 4 0
50 5 0
50 6 0
50 7 0
50 8 1
50 9 0
50 10 0
50 11 0
50 12 0
50 13 1
50 14 0
50 15 0
50 16 0
50 17 1
50 18 0
50 19 0
50 20 1
50 21 1
50 22 1
50 23 0
50 24 0
50 25 0
50 26 1
50 27 1
50 28 0
50 29 1
50 30 1
50 31 1
50 32 0
50 33 1
50 34 1
50 35 0
50 36 1
50 37 0
50 38 0
50 39 1
50 40 1
50 41 1
50 42 1
50 43 1
50 44 0
50 45 0
50 46 1
50 47 0
50 48 0
50 49 0
50 50 1
51 1 0
51 2 0
51 3 1
51 4 1
51 5 1
51 6 1
51 7 1
51 8 0
51 9 1
51 10 1
51 11 0
51 12 1
51 13 1
51 14 0
51 15 0
51 16 1
51 17 0
51 18 0
51 19 0
51 20 0
51 21 1
51 22 0
51 23 0
51 24 0
51 25 1
51 26 1
51 27 0
51 28 0
51 29 1
51 30 1
51 31 1
51 32 1
51 33 1
51 34 0
51 35 0
51 36 1
51 37 1
51 38 1
51 39 0
51 40 1
51 41 0
51 42 0
51 43 0
51 44 0
51 45 0
51 46 0
51 47 0
51 48 1
51 49 1
51 50 0
52 1 0
52 2 0
52 3 0
52 4 1
52 5 1
52 6 1
52 7 0
52 8 0
52 9 0
52 10 0
52 11 0
52 12 0
52 13 1
52 14 1
52 15 1
52 16 1
52 17 0
52 18 0
52 19 1
52 20 1
52 21 0
52 22 1
52 23 1
52 24 0
52 25 0
52 26 0
52 27 1
52 28 0
52 29 0
52 30 1
52 31 0
52 32 1
52 33 1
52 34 1
52 35 0
52 36 0
52 37 0
52 38 1
52 39 0
52 40 1
52 41 0
52 42 1
52 43 0
52 44 1
52 45 1
52 46 0
52 47 0
52 48 1
52 49 1
52 50 1
53 1 1
53 2 1
53 3 0
53 4 0
53 5 1
53 6 1
53 7 0
53 8 1
53 9 1
53 10 0
53 11 0
53 12 1
53 13 1
53 14 0
53 15 0
53 16 1
53 17 1
53 18 0
53 19 0
53 20 1
53 21 0
53 22 0
53 23 1
53 24 1
53 25 1
53 26 0
53 27 1
53 28 0
53 29 1
53 30 0
53 31 0
53 32 0
53 33 1
53 34 0
53 35 0
53 36 1
53 37 1
53 38 0
53 39 1
53 40 1
53 41 1
53 42 0
53 43 0
53 44 0
53 45 0
53 46 0
53 47 0
53 48 0
53 49 0
53 50 0
54 1 0
54 2 1
54 3 1
54 4 1
54 5 1
54 6 0
54 7 0
54 8 0
54 9 0
54 10 0
54 11 0
54 12 1
54 13 0
54 14 1
54 15 0
54 16 0
54 17 0
54 18 1
54 19 1
54 20 1
54 21 0
54 22 1
54 23 1
54 24 0
54 25 1
54 26 1
54 27 0
54 28 0
54 29 1
54 30 1
54 31 0
54 32 0
54 33 1
54 34 0
54 35 1
54 36 1
54 37 0
54 38 0
54 39 0
54 40 1
54 41 0
54 42 1
54 43 1
54 44 0
54 45 1
54 46 0
54 47 1
54 48 1
54 49 0
54 50 0
55 1 1
55 2 0
55 3 1
55 4 0
55 5 0
55 6 0
55 7 1
55 8 0
55 9 1
55 10 1
55 11 0
55 12 1
55 13 1
55 14 0
55 15 0
55 16 0
55 17 1
55 18 0
55 19 1
55 20 0
55 21 1
55 22 1
55 23 0
55 24 0
55 25 0
55 26 0
55 27 0
55 28 1
55 29 0
55 30 1
55 31 0
55 32 1
55 33 1
55 34 1
55 35 1
55 36 0
55 37 1
55 38 1
55 39 1
55 40 0
55 41 0
55 42 1
55 43 1
55 44 1
55 45 0
55 46 0
55 47 1
55 48 0
55 49 1
55 50 1
56 1 1
56 2 0
56 3 1
56 4 0
56 5 0
56 6 0
56 7 1
56 8 1
56 9 0
56 10 1
56 11 0
56 12 0
56 13 1
56 14 0
56 15 1
56 16 1
56 17 1
56 18 0
56 19 0
56 20 0
56 21 1
56 22 0
56 23 0
56 24 0
56 25 1
56 26 0
56 27 1
56 28 1
56 29 1
56 30 0
56 31 0
56 32 1
56 33 1
56 34 0
56 35 0
56 36 1
56 37 1
56 38 0
56 39 0
56 40 1
56 41 1
56 42 1
56 43 1
56 44 1
56 45 1
56 46 1
56 47 1
56 48 1
56 49 0
56 50 1
57 1 0
57 2 1
57 3 0
57 4 0
57 5 1
57 6 1
57 7 1
57 8 0
57 9 0
57 10 1
57 11 0
57 12 0
57 13 1
57 14 0
57 15 1
57 16 0
57 17 0
57 18 0
57 19 1
57 20 0
57 21 1
57 22 0
57 23 1
57 24 1
57 25 0
57 26 1
57 27 1
57 28 0
57 29 0
57 30 0
57 31 1
57 32 0
57 33 0
57 34 0
57 35 0
57 36 0
57 37 1
57 38 1
57 39 0
57 40 1
57 41 1
57 42 1
57 43 0
57 44 0
57 45 0
57 46 0
57 47 1
57 48 0
57 49 1
57 50 1
58 1 0
58 2 0
58 3 1
58 4 0
58 5 1
58 6 0
58 7 1
58 8 1
58 9 1
58 10 0
58 11 1
58 12 0
58 13 0
58 14 0
58 15 1
58 16 0
58 17 0
58 18 1
58 19 0
58 20 0
58 21 0
58 22 1
58 23 1
58 24 0
58 25 0
58 26 0
58 27 0
58 28 1
58 29 1
58 30 0
58 31 1
58 32 0
58 33 1
58 34 0
58 35 0
58 36 1
58 37 1
58 38 0
58 39 0
58 40 0
58 41 1
58 42 0
58 43 1
58 44 1
58 45 1
58 46 1
58 47 1
58 48 1
58 49 0
58 50 1
59 1 1
59 2 0
59 3 1
59 4 0
59 5 1
59 6 0
59 7 1
59 8 1
59 9 1
59 10 0
59 11 0
59 12 1
59 13 0
59 14 0
59 15 0
59 16 0
59 17 1
59 18 1
59 19 0
59 20 0
59 21 0
59 22 0
59 23 1
59 24 1
59 25 0
59 26 0
59 27 1
59 28 0
59 29 1
59 30 0
59 31 0
59 32 1
59 33 1
59 34 1
59 35 0
59 36 0
59 37 1
59 38 1
59 39 1
59 40 0
59 41 0
59 42 1
59 43 0
59 44 0
59 45 0
59 46 1
59 47 0
59 48 0
59 49 0
59 50 0
60 1 0
60 2 0
60 3 1
60 4 0
60 5 1
60 6 1
60 7 0
60 8 0
60 9 0
60 10 0
60 11 0
60 12 0
60 13 1
60 14 0
60 15 0
60 16 1
60 17 0
60 18 0
60 19 0
60 20 1
60 21 1
60 22 1
60 23 0
60 24 1
60 25 1
60 26 0
60 27 0
60 28 0
60 29 0
60 30 1
60 31 0
60 32 1
60 33 0
60 34 1
60 35 1
60 36 0
60 37 1
60 38 0
60 39 0
60 40 1
60 41 1
60 42 0
60 43 1
60 44 1
60 45 0
60 46 0
60 47 0
60 48 1
60 49 0
60 50 0
61 1 0
61 2 1
61 3 0
61 4 1
61 5 1
61 6 0
61 7 1
61 8 1
61 9 0
61 10 0
61 11 1
61 12 0
61 13 1
61 14 0
61 15 1
61 16 1
61 17 0
61 18 1
61 19 1
61 20 0
61 21 1
61 22 0
61 23 1
61 24 1
61 25 0
61 26 0
61 27 1
61 28 1
61 29 0
61 30 0
61 31 1
61 32 0
61 33 1
61 34 1
61 35 1
61 36 1
61 37 0
61 38 0
61 39 0
61 40 1
61 41 1
61 42 0
61 43 0
61 44 0
61 45 1
61 46 1
61 47 0
61 48 1
61 49 0
61 50 1
62 1 1
62 2 1
62 3 1
62 4 0
62 5 0
62 6 0
62 7 1
62 8 1
62 9 0
62 10 0
62 11 1
62 12 0
62 13 0
62 14 0
62 15 0
62 16 1
62 17 0
62 18 1
62 19 1
62 20 1
62 21 1
62 22 1
62 23 1
62 24 0
62 25 0
62 26 0
62 27 1
62 28 0
62 29 1
62 30 1
62 31 1
62 32 1
62 33 1
62 34 1
62 35 1
62 36 0
62 37 0
62 38 1
62 39 1
62 40 0
62 41 1
62 42 0
62 43 1
62 44 1
62 45 0
62 46 0
62 47 0
62 48 1
62 49 1
62 50 0
63 1 1
63 2 0
63 3 1
63 4 1
63 5 0
63 6 1
63 7 0
63 8 1
63 9 1
63 10 0
63 11 0
63 12 1
63 13 0
63 14 0
63 15 1
63 16 0
63 17 1
63 18 0
63 19 1
63 20 1
63 21 1
63 22 0
63 23 0
63 24 1
63 25 0
63 26 0
63 27 0
63 28 1
63 29 0
63 30 1
63 31 0
63 32 0
63 33 0
63 34 0
63 35 0
63 36 0
63 37 1
63 38 1
63 39 1
63 40 1
63 41 0
63 42 1
63 43 1
63 44 0
63 45 1
63 46 1
63 47 1
63 48 1
63 49 0
63 50 1
64 1 1
64 2 1
64 3 1
64 4 0
64 5 1
64 6 0
64 7 0
64 8 0
64 9 0
64 10 0
64 11 1
64 12 0
64 13 0
64 14 0
64 15 1
64 16 1
64 17 1
64 18 0
64 19 0
64 20 1
64 21 1
64 22 1
64 23 1
64 24 1
64 25 0
64 26 0
64 27 1
64 28 0
64 29 0
64 30 1
64 31 0
64 32 0
64 33 0
64 34 1
64 35 1
64 36 0
64 37 1
64 38 0
64 39 1
64 40 1
64 41 0
64 42 0
64 43 0
64 44 0
64 45 0
64 46 1
64 47 1
64 48 0
64 49 1
64 50 0
65 1 0
65 2 1
65 3 1
65 4 0
65 5 1
65 6 1
65 7 1
65 8 1
65 9 0
65 10 1
65 11 0
65 12 0
65 13 0
65 14 0
65 15 0
65 16 1
65 17 0
65 18 1
65 19 1
65 20 0
65 21 1
65 22 0
65 23 0
65 24 1
65 25 1
65 26 1
65 27 0
65 28 1
65 29 1
65 30 0
65 31 1
65 32 0
65 33 1
65 34 1
65 35 1
65 36 0
65 37 0
65 38 0
65 39 1
65 40 1
65 41 1
65 42 1
65 43 0
65 44 0
65 45 1
65 46 0
65 47 0
65 48 1
65 49 1
65 50 1
66 1 1
66 2 0
66 3 1
66 4 1
66 5 1
66 6 0
66 7 1
66 8 1
66 9 0
66 10 0
66 11 1
66 12 0
66 13 0
66 14 0
66 15 1
66 16 1
66 17 0
66 18 0
66 19 1
66 20 1
66 21 1
66 22 1
66 23 0
66 24 0
66 25 0
66 26 0
66 27 0
66 28 1
66 29 0
66 30 1
66 31 1
66 32 0
66 33 1
66 34 1
66 35 0
66 36 0
66 37 0
66 38 1
66 39 0
66 40 1
66 41 1
66 42 1
66 43 0
66 44 1
66 45 0
66 46 1
66 47 1
66 48 1
66 49 1
66 50 1
67 1 1
67 2 0
67 3 1
67 4 0
67 5 1
67 6 1
67 7 1
67 8 0
67 9 1
67 10 0
67 11 1
67 12 0
67 13 1
67 14 1
67 15 1
67 16 1
67 17 1
67 18 1
67 19 0
67 20 0
67 21 0
67 22 0
67 23 1
67 24 1
67 25 1
67 26 0
67 27 0
67 28 0
67 29 0
67 30 0
67 31 0
67 32 0
67 33 1
67 34 1
67 35 1
67 36 0
67 37 0
67 38 0
67 39 1
67 40 0
67 41 0
67 42 1
67 43 0
67 44 1
67 45 0
67 46 1
67 47 0
67 48 0
67 49 1
67 50 0
68 1 1
68 2 0
68 3 0
68 4 1
68 5 1
68 6 1
68 7 0
68 8 1
68 9 0
68 10 0
68 11 0
68 12 0
68 13 0
68 14 1
68 15 0
68 16 1
68 17 0
68 18 1
68 19 1
68 20 1
68 21 0
68 22 1
68 23 1
68 24 0
68 25 0
68 26 0
68 27 0
68 28 1
68 29 1
68 30 0
68 31 1
68 32 0
68 33 1
68 34 1
68 35 0
68 36 1
68 37 1
68 38 0
68 39 0
68 40 1
68 41 0
68 42 0
68 43 0
68 44 1
68 45 1
68 46 0
68 47 1
68 48 1
68 49 0
68 50 1
69 1 1
69 2 0
69 3 1
69 4 1
69 5 0
69 6 1
69 7 0
69 8 1
69 9 1
69 10 0
69 11 0
69 12 1
69 13 1
69 14 0
69 15 0
69 16 0
69 17 1
69 18 0
69 19 1
69 20 1
69 21 0
69 22 1
69 23 1
69 24 0
69 25 0
69 26 0
69 27 1
69 28 1
69 29 1
69 30 1
69 31 0
69 32 1
69 33 1
69 34 0
69 35 1
69 36 1
69 37 1
69 38 1
69 39 0
69 40 0
69 41 0
69 42 1
69 43 0
69 44 0
69 45 0
69 46 0
69 47 0
69 48 0
69 49 1
69 50 0
70 1 1
70 2 1
70 3 1
70 4 0
70 5 1
70 6 0
70 7 1
70 8 0
70 9 0
70 10 1
70 11 1
70 12 1
70 13 1
70 14 1
70 15 0
70 16 1
70 17 1
70 18 1
70 19 0
70 20 0
70 21 0
70 22 0
70 23 1
70 24 0
70 25 1
70 26 0
70 27 0
70 28 0
70 29 1
70 30 0
70 31 0
70 32 1
70 33 0
70 34 1
70 35 0
70 36 0
70 37 1
70 38 1
70 39 0
70 40 0
70 41 0
70 42 1
70 43 1
70 44 0
70 45 1
70 46 1
70 47 0
70 48 0
70 49 1
70 50 0
71 1 0
71 2 1
71 3 1
71 4 1
71 5 0
71 6 1
71 7 1
71 8 0
71 9 1
71 10 1
71 11 1
71 12 0
71 13 1
71 14 0
71 15 0
71 16 1
71 17 1
71 18 0
71 19 1
71 20 1
71 21 0
71 22 0
71 23 0
71 24 0
71 25 0
71 26 1
71 27 0
71 28 0
71 29 1
71 30 0
71 31 0
71 32 0
71 33 1
71 34 1
71 35 1
71 36 0
71 37 0
71 38 1
71 39 1
71 40 0
71 41 0
71 42 1
71 43 1
71 44 0
71 45 1
71 46 0
71 47 0
71 48 1
71 49 0
71 50 0
72 1 1
72 2 1
72 3 1
72 4 0
72 5 1
72 6 0
72 7 1
72 8 0
72 9 1
72 10 1
72 11 1
72 12 1
72 13 0
72 14 0
72 15 1
72 16 0
72 17 0
72 18 1
72 19 0
72 20 1
72 21 0
72 22 0
72 23 1
72 24 0
72 25 0
72 26 1
72 27 1
72 28 1
72 29 1
72 30 0
72 31 0
72 32 1
72 33 1
72 34 1
72 35 0
72 36 0
72 37 1
72 38 0
72 39 1
72 40 0
72 41 0
72 42 0
72 43 0
72 44 0
72 45 0
72 46 1
72 47 1
72 48 0
72 49 0
72 50 1
73 1 1
73 2 0
73 3 1
73 4 0
73 5 0
73 6 1
73 7 0
73 8 1
73 9 1
73 10 0
73 11 0
73 12 1
73 13 0
73 14 0
73 15 0
73 16 0
73 17 0
73 18 0
73 19 1
73 20 0
73 21 1
73 22 1
73 23 1
73 24 0
73 25 0
73 26 1
73 27 1
73 28 1
73 29 0
73 30 0
73 31 1
73 32 0
73 33 0
73 34 1
73 35 1
73 36 1
73 37 1
73 38 1
73 39 1
73 40 0
73 41 1
73 42 0
73 43 1
73 44 1
73 45 0
73 46 1
73 47 0
73 48 1
73 49 0
73 50 0
74 1 0
74 2 1
74 3 0
74 4 1
74 5 1
74 6 0
74 7 1
74 8 0
74 9 1
74 10 0
74 11 0
74 12 1
74 13 1
74 14 0
74 15 1
74 16 1
74 17 0
74 18 0
74 19 1
74 20 1
74 21 0
74 22 1
74 23 1
74 24 1
74 25 0
74 26 0
74 27 1
74 28 1
74 29 0
74 30 0
74 31 0
74 32 1
74 33 1
74 34 0
74 35 0
74 36 1
74 37 0
74 38 1
74 39 0
74 40 0
74 41 0
74 42 0
74 43 0
74 44 0
74 45 0
74 46 0
74 47 1
74 48 1
74 49 1
74 50 0
75 1 1
75 2 0
75 3 0
75 4 0
75 5 1
75 6 1
75 7 0
75 8 0
75 9 1
75 10 0
75 11 0
75 12 0
75 13 1
75 14 0
75 15 1
75 16 0
75 17 1
75 18 0
75 19 0
75 20 0
75 21 1
75 22 1
75 23 0
75 24 0
75 25 1
75 26 1
75 27 1
75 28 0
75 29 0
75 30 1
75 31 0
75 32 1
75 33 0
75 34 0
75 35 0
75 36 0
75 37 0
75 38 0
75 39 0
75 40 1
75 41 0
75 42 0
75 43 0
75 44 0
75 45 1
75 46 0
75 47 0
75 48 1
75 49 1
75 50 1
76 1 0
76 2 1
76 3 1
76 4 1
76 5 0
76 6 0
76 7 1
76 8 0
76 9 0
76 10 0
76 11 1
76 12 1
76 13 1
76 14 1
76 15 0
76 16 0
76 17 0
76 18 0
76 19 1
76 20 1
76 21 1
76 22 1
76 23 0
76 24 0
76 25 1
76 26 0
76 27 1
76 28 0
76 29 1
76 30 1
76 31 1
76 32 1
76 33 1
76 34 0
76 35 0
76 36 1
76 37 0
76 38 0
76 39 1
76 40 0
76 41 1
76 42 1
76 43 0
76 44 0
76 45 1
76 46 0
76 47 1
76 48 1
76 49 1
76 50 1
77 1 1
77 2 1
77 3 0
77 4 0
77 5 0
77 6 1
77 7 1
77 8 0
77 9 1
77 10 1
77 11 1
77 12 1
77 13 0
77 14 0
77 15 0
77 16 1
77 17 1
77 18 0
77 19 1
77 20 1
77 21 0
77 22 0
77 23 1
77 24 1
77 25 1
77 26 1
77 27 0
77 28 1
77 29 1
77 30 1
77 31 1
77 32 0
77 33 1
77 34 0
77 35 1
77 36 1
77 37 0
77 38 1
77 39 1
77 40 1
77 41 1
77 42 0
77 43 0
77 44 1
77 45 0
77 46 0
77 47 0
77 48 0
77 49 0
77 50 0
78 1 0
78 2 1
78 3 0
78 4 0
78 5 1
78 6 1
78 7 1
78 8 0
78 9 0
78 10 1
78 11 1
78 12 1
78 13 0
78 14 0
78 15 0
78 16 1
78 17 1
78 18 0
78 19 1
78 20 1
78 21 0
78 22 1
78 23 0
78 24 0
78 25 1
78 26 0
78 27 1
78 28 1
78 29 0
78 30 0
78 31 1
78 32 1
78 33 0
78 34 1
78 35 1
78 36 1
78 37 0
78 38 0
78 39 0
78 40 1
78 41 1
78 42 1
78 43 1
78 44 0
78 45 1
78 46 1
78 47 1
78 48 0
78 49 0
78 50 0
79 1 1
79 2 1
79 3 0
79 4 1
79 5 0
79 6 0
79 7 1
79 8 0
79 9 0
79 10 0
79 11 0
79 12 1
79 13 1
79 14 1
79 15 1
79 16 1
79 17 1
79 18 0
79 19 1
79 20 0
79 21 1
79 22 0
79 23 1
79 24 0
79 25 0
79 26 0
79 27 0
79 28 1
79 29 0
79 30 0
79 31 1
79 32 0
79 33 1
79 34 0
79 35 0
79 36 1
79 37 0
79 38 0
79 39 0
79 40 0
79 41 0
79 42 0
79 43 1
79 44 0
79 45 0
79 46 1
79 47 1
79 48 0
79 49 1
79 50 0
80 1 1
80 2 0
80 3 0
80 4 0
80 5 1
80 6 1
80 7 0
80 8 0
80 9 1
80 10 1
80 11 0
80 12 0
80 13 0
80 14 0
80 15 0
80 16 1
80 17 1
80 18 0
80 19 1
80 20 1
80 21 0
80 22 0
80 23 0
80 24 0
80 25 1
80 26 1
80 27 1
80 28 0
80 29 0
80 30 1
80 31 0
80 32 1
80 33 0
80 34 0
80 35 1
80 36 1
80 37 0
80 38 1
80 39 0
80 40 0
80 41 1
80 42 1
80 43 0
80 44 0
80 45 0
80 46 1
80 47 1
80 48 0
80 49 1
80 50 0
81 1 1
81 2 1
81 3 0
81 4 0
81 5 0
81 6 1
81 7 1
81 8 0
81 9 1
81 10 0
81 11 0
81 12 1
81 13 0
81 14 0
81 15 1
81 16 0
81 17 1
81 18 1
81 19 0
81 20 1
81 21 1
81 22 1
81 23 0
81 24 1
81 25 1
81 26 0
81 27 0
81 28 0
81 29 0
81 30 1
81 31 0
81 32 1
81 33 0
81 34 0
81 35 1
81 36 1
81 37 1
81 38 0
81 39 1
81 40 0
81 41 0
81 42 0
81 43 1
81 44 0
81 45 0
81 46 1
81 47 0
81 48 1
81 49 0
81 50 1
82 1 0
82 2 0
82 3 0
82 4 1
82 5 0
82 6 1
82 7 0
82 8 1
82 9 1
82 10 0
82 11 0
82 12 1
82 13 0
82 14 1
82 15 0
82 16 1
82 17 1
82 18 0
82 19 1
82 20 1
82 21 1
82 22 0
82 23 0
82 24 0
82 25 0
82 26 0
82 27 0
82 28 1
82 29 1
82 30 0
82 31 1
82 32 1
82 33 1
82 34 1
82 35 0
82 36 1
82 37 1
82 38 0
82 39 1
82 40 1
82 41 1
82 42 1
82 43 1
82 44 1
82 45 1
82 46 0
82 47 0
82 48 1
82 49 1
82 50 0
83 1 1
83 2 0
83 3 1
83 4 1
83 5 1
83 6 0
83 7 0
83 8 0
83 9 1
83 10 1
83 11 1
83 12 1
83 13 1
83 14 0
83 15 0
83 16 0
83 17 1
83 18 0
83 19 1
83 20 1
83 21 1
83 22 1
83 23 0
83 24 0
83 25 0
83 26 1
83 27 0
83 28 0
83 29 1
83 30 0
83 31 0
83 32 0
83 33 0
83 34 1
83 35 0
83 36 1
83 37 1
83 38 0
83 39 1
83 40 0
83 41 1
83 42 1
83 43 1
83 44 1
83 45 1
83 46 0
83 47 1
83 48 0
83 49 0
83 50 0
84 1 0
84 2 1
84 3 0
84 4 0
84 5 0
84 6 0
84 7 0
84 8 0
84 9 0
84 10 1
84 11 0
84 12 0
84 13 1
84 14 1
84 15 1
84 16 0
84 17 1
84 18 0
84 19 0
84 20 0
84 21 0
84 22 0
84 23 0
84 24 1
84 25 1
84 26 1
84 27 0
84 28 0
84 29 0
84 30 0
84 31 0
84 32 0
84 33 0
84 34 1
84 35 0
84 36 0
84 37 1
84 38 1
84 39 0
84 40 0
84 41 1
84 42 0
84 43 1
84 44 1
84 45 0
84 46 0
84 47 0
84 48 0
84 49 0
84 50 1
85 1 0
85 2 0
85 3 0
85 4 0
85 5 1
85 6 0
85 7 1
85 8 0
85 9 1
85 10 1
85 11 1
85 12 1
85 13 0
85 14 1
85 15 1
85 16 0
85 17 0
85 18 1
85 19 0
85 20 1
85 21 0
85 22 1
85 23 1
85 24 1
85 25 1
85 26 1
85 27 1
85 28 1
85 29 1
85 30 0
85 31 0
85 32 0
85 33 1
85 34 1
85 35 1
85 36 0
85 37 1
85 38 1
85 39 0
85 40 0
85 41 1
85 42 1
85 43 0
85 44 1
85 45 0
85 46 0
85 47 0
85 48 1
85 49 1
85 50 1
86 1 0
86 2 0
86 3 1
86 4 0
86 5 0
86 6 1
86 7 0
86 8 1
86 9 1
86 10 1
86 11 1
86 12 1
86 13 0
86 14 1
86 15 1
86 16 1
86 17 0
86 18 1
86 19 0
86 20 0
86 21 0
86 22 1
86 23 1
86 24 0
86 25 1
86 26 0
86 27 1
86 28 0
86 29 1
86 30 1
86 31 1
86 32 1
86 33 0
86 34 1
86 35 0
86 36 1
86 37 0
86 38 1
86 39 0
86 40 0
86 41 0
86 42 1
86 43 1
86 44 0
86 45 0
86 46 0
86 47 0
86 48 0
86 49 0
86 50 0
87 1 0
87 2 0
87 3 1
87 4 1
87 5 0
87 6 0
87 7 0
87 8 1
87 9 0
87 10 0
87 11 0
87 12 0
87 13 1
87 14 0
87 15 1
87 16 0
87 17 0
87 18 1
87 19 1
87 20 1
87 21 1
87 22 0
87 23 0
87 24 0
87 25 0
87 26 0
87 27 0
87 28 1
87 29 0
87 30 1
87 31 1
87 32 1
87 33 0
87 34 1
87 35 0
87 36 0
87 37 0
87 38 1
87 39 0
87 40 1
87 41 1
87 42 0
87 43 0
87 44 1
87 45 0
87 46 0
87 47 1
87 48 1
87 49 1
87 50 0
88 1 0
88 2 0
88 3 0
88 4 0
88 5 1
88 6 0
88 7 0
88 8 1
88 9 1
88 10 1
88 11 1
88 12 1
88 13 0
88 14 0
88 15 0
88 16 1
88 17 1
88 18 0
88 19 0
88 20 0
88 21 0
88 22 1
88 23 1
88 24 1
88 25 0
88 26 0
88 27 1
88 28 0
88 29 1
88 30 0
88 31 0
88 32 1
88 33 0
88 34 1
88 35 1
88 36 1
88 37 1
88 38 1
88 39 0
88 40 0
88 41 1
88 42 0
88 43 1
88 44 0
88 45 1
88 46 0
88 47 1
88 48 0
88 49 1
88 50 0
89 1 1
89 2 0
89 3 1
89 4 0
89 5 1
89 6 0
89 7 0
89 8 1
89 9 0
89 10 1
89 11 0
89 12 1
89 13 0
89 14 1
89 15 0
89 16 0
89 17 0
89 18 0
89 19 1
89 20 0
89 21 1
89 22 1
89 23 0
89 24 0
89 25 1
89 26 1
89 27 0
89 28 0
89 29 1
89 30 1
89 31 0
89 32 0
89 33 1
89 34 1
89 35 0
89 36 0
89 37 0
89 38 0
89 39 1
89 40 0
89 41 0
89 42 0
89 43 1
89 44 1
89 45 1
89 46 1
89 47 0
89 48 0
89 49 0
89 50 1
90 1 1
90 2 0
90 3 0
90 4 0
90 5 1
90 6 0
90 7 0
90 8 1
90 9 0
90 10 1
90 11 0
90 12 0
90 13 0
90 14 1
90 15 1
90 16 1
90 17 0
90 18 0
90 19 0
90 20 0
90 21 0
90 22 1
90 23 1
90 24 0
90 25 1
90 26 0
90 27 0
90 28 0
90 29 1
90 30 1
90 31 1
90 32 0
90 33 1
90 34 1
90 35 0
90 36 1
90 37 0
90 38 0
90 39 0
90 40 1
90 41 0
90 42 1
90 43 1
90 44 1
90 45 1
90 46 1
90 47 1
90 48 1
90 49 0
90 50 0
91 1 1
91 2 0
91 3 0
91 4 0
91 5 1
91 6 0
91 7 1
91 8 0
91 9 1
91 10 0
91 11 1
91 12 0
91 13 1
91 14 0
91 15 1
91 16 0
91 17 1
91 18 0
91 19 0
91 20 1
91 21 1
91 22 1
91 23 1
91 24 0
91 25 0
91 26 0
91 27 1
91 28 0
91 29 1
91 30 1
91 31 1
91 32 1
91 33 1
91 34 1
91 35 0
91 36 0
91 37 0
91 38 0
91 39 0
91 40 0
91 41 1
91 42 1
91 43 0
91 44 1
91 45 0
91 46 1
91 47 1
91 48 1
91 49 1
91 50 0
92 1 0
92 2 1
92 3 1
92 4 0
92 5 1
92 6 1
92 7 0
92 8 0
92 9 1
92 10 0
92 11 1
92 12 0
92 13 1
92 14 1
92 15 0
92 16 1
92 17 0
92 18 1
92 19 0
92 20 1
92 21 1
92 22 0
92 23 0
92 24 1
92 25 0
92 26 1
92 27 1
92 28 1
92 29 0
92 30 0
92 31 1
92 32 0
92 33 1
92 34 1
92 35 0
92 36 1
92 37 0
92 38 1
92 39 0
92 40 1
92 41 0
92 42 1
92 43 1
92 44 1
92 45 1
92 46 1
92 47 1
92 48 1
92 49 0
92 50 0
93 1 1
93 2 0
93 3 0
93 4 1
93 5 1
93 6 0
93 7 1
93 8 1
93 9 0
93 10 0
93 11 1
93 12 0
93 13 1
93 14 1
93 15 0
93 16 0
93 17 1
93 18 0
93 19 1
93 20 0
93 21 1
93 22 0
93 23 0
93 24 0
93 25 0
93 26 1
93 27 1
93 28 0
93 29 0
93 30 0
93 31 0
93 32 1
93 33 0
93 34 0
93 35 1
93 36 0
93 37 0
93 38 0
93 39 0
93 40 0
93 41 0
93 42 1
93 43 1
93 44 0
93 45 1
93 46 0
93 47 1
93 48 0
93 49 0
93 50 0
94 1 0
94 2 0
94 3 1
94 4 0
94 5 1
94 6 0
94 7 0
94 8 0
94 9 1
94 10 0
94 11 0
94 12 0
94 13 0
94 14 0
94 15 0
94 16 0
94 17 1
94 18 0
94 19 0
94 20 1
94 21 0
94 22 0
94 23 1
94 24 0
94 25 0
94 26 1
94 27 1
94 28 0
94 29 0
94 30 0
94 31 0
94 32 0
94 33 1
94 34 1
94 35 0
94 36 0
94 37 0
94 38 0
94 39 1
94 40 0
94 41 0
94 42 1
94 43 1
94 44 0
94 45 0
94 46 0
94 47 0
94 48 0
94 49 0
94 50 0
95 1 0
95 2 1
95 3 0
95 4 0
95 5 1
95 6 0
95 7 0
95 8 0
95 9 1
95 10 0
95 11 0
95 12 1
95 13 1
95 14 0
95 15 0
95 16 1
95 17 1
95 18 0
95 19 1
95 20 1
95 21 1
95 22 0
95 23 1
95 24 0
95 25 1
95 26 1
95 27 1
95 28 0
95 29 0
95 30 1
95 31 0
95 32 1
95 33 1
95 34 1
95 35 0
95 36 1
95 37 0
95 38 0
95 39 1
95 40 1
95 41 1
95 42 0
95 43 0
95 44 1
95 45 1
95 46 1
95 47 0
95 48 0
95 49 1
95 50 0
96 1 0
96 2 0
96 3 1
96 4 0
96 5 0
96 6 1
96 7 0
96 8 1
96 9 0
96 10 0
96 11 0
96 12 0
96 13 1
96 14 1
96 15 1
96 16 1
96 17 1
96 18 1
96 19 1
96 20 1
96 21 0
96 22 0
96 23 1
96 24 0
96 25 1
96 26 1
96 27 1
96 28 0
96 29 1
96 30 0
96 31 0
96 32 1
96 33 1
96 34 0
96 35 0
96 36 0
96 37 1
96 38 1
96 39 0
96 40 1
96 41 1
96 42 0
96 43 0
96 44 0
96 45 1
96 46 0
96 47 1
96 48 0
96 49 1
96 50 0
97 1 1
97 2 1
97 3 1
97 4 1
97 5 0
97 6 0
97 7 1
97 8 0
97 9 0
97 10 1
97 11 1
97 12 0
97 13 0
97 14 1
97 15 1
97 16 1
97 17 0
97 18 1
97 19 1
97 20 0
97 21 1
97 22 0
97 23 0
97 24 0
97 25 0
97 26 0
97 27 1
97 28 1
97 29 0
97 30 1
97 31 0
97 32 1
97 33 1
97 34 0
97 35 0
97 36 0
97 37 0
97 38 0
97 39 1
97 40 0
97 41 1
97 42 1
97 43 1
97 44 1
97 45 1
97 46 0
97 47 0
97 48 0
97 49 0
97 50 1
98 1 0
98 2 1
98 3 0
98 4 1
98 5 1
98 6 0
98 7 1
98 8 1
98 9 1
98 10 1
98 11 0
98 12 0
98 13 0
98 14 1
98 15 1
98 16 0
98 17 1
98 18 1
98 19 1
98 20 0
98 21 1
98 22 0
98 23 0
98 24 1
98 25 1
98 26 0
98 27 0
98 28 0
98 29 1
98 30 0
98 31 1
98 32 1
98 33 1
98 34 0
98 35 1
98 36 1
98 37 1
98 38 0
98 39 1
98 40 0
98 41 1
98 42 0
98 43 0
98 44 0
98 45 1
98 46 0
98 47 0
98 48 0
98 49 0
98 50 1
99 1 0
99 2 1
99 3 1
99 4 0
99 5 1
99 6 1
99 7 1
99 8 0
99 9 0
99 10 1
99 11 0
99 12 0
99 13 1
99 14 0
99 15 0
99 16 0
99 17 0
99 18 0
99 19 0
99 20 1
99 21 1
99 22 0
99 23 1
99 24 1
99 25 1
99 26 0
99 27 1
99 28 1
99 29 0
99 30 0
99 31 1
99 32 1
99 33 0
99 34 1
99 35 0
99 36 0
99 37 0
99 38 1
99 39 0
99 40 1
99 41 0
99 42 1
99 43 0
99 44 0
99 45 0
99 46 0
99 47 0
99 48 0
99 49 0
99 50 1
100 1 0
100 2 0
100 3 1
100 4 0
100 5 1
100 6 1
100 7 1
100 8 0
100 9 1
100 10 1
100 11 1
100 12 1
100 13 0
100 14 1
100 15 0
100 16 0
100 17 0
100 18 0
100 19 1
100 20 1
100 21 1
100 22 1
100 23 0
100 24 1
100 25 1
100 26 1
100 27 0
100 28 0
100 29 1
100 30 1
100 31 1
100 32 1
100 33 0
100 34 1
100 35 1
100 36 1
100 37 0
100 38 1
100 39 1
100 40 1
100 41 0
100 42 0
100 43 0
100 44 1
100 45 1
100 46 1
100 47 0
100 48 1
100 49 0
100 50 1